0 0.095362 0.394511 0.072173 0.132275
2 0.065972 0.363922 0.130952 0.199405
0 0.438740 0.432705 0.047123 0.333003
2 0.368552 0.439980 0.187500 0.349537
1 0.413194 0.440476 0.276786 0.352513
0 0.395709 0.891038 0.033978 0.052579
2 0.331349 0.901951 0.162698 0.122024
1 0.370536 0.897321 0.244048 0.135251
0 0.962922 0.073578 0.074157 0.118717
2 0.952505 0.074074 0.094990 0.146825
0 0.566220 0.110780 0.086806 0.141534
2 0.590278 0.131448 0.133433 0.182870
0 0.289559 0.769180 0.138145 0.071429
2 0.302331 0.729332 0.166667 0.151124
