1 0.388500 0.574375 0.351667 0.243250
1 0.111167 0.417125 0.179000 0.135250
0 0.088167 0.418375 0.097667 0.089250
2 0.104333 0.414500 0.133333 0.122000
0 0.286167 0.243125 0.042333 0.168250
2 0.204500 0.250875 0.204333 0.181250
0 0.340833 0.304875 0.023000 0.156250
0 0.875667 0.310875 0.057333 0.118250
2 0.834000 0.314000 0.139333 0.133500
2 0.721167 0.211125 0.031667 0.044750
0 0.725667 0.209375 0.018000 0.033750
0 0.828667 0.526625 0.060667 0.043250
2 0.797167 0.536625 0.125000 0.068750
0 0.755167 0.787125 0.145667 0.081250
2 0.665000 0.801125 0.327333 0.118250
0 0.568000 0.804625 0.095333 0.089750
0 0.910833 0.680375 0.087000 0.136750
0 0.062500 0.739000 0.046333 0.066500
2 0.080667 0.742000 0.084000 0.076000
1 0.063167 0.756875 0.119000 0.105750
0 0.431667 0.542000 0.060667 0.179500
2 0.336667 0.558000 0.250667 0.211500
