1 0.814500 0.102625 0.094333 0.132250
0 0.255000 0.119250 0.017333 0.037000
2 0.861833 0.563625 0.103000 0.068750
0 0.698500 0.588000 0.107000 0.101000
0 0.551833 0.396125 0.022333 0.063250
0 0.474333 0.433250 0.055333 0.085500
0 0.964167 0.380750 0.071667 0.109500
2 0.250667 0.111625 0.026667 0.061750
0 0.147333 0.046750 0.023333 0.061000
2 0.153667 0.057250 0.035333 0.082000
0 0.093000 0.134250 0.011333 0.028000
0 0.019833 0.312750 0.013667 0.061500
2 0.024500 0.307250 0.048333 0.112500
0 0.467500 0.066000 0.009000 0.080000
2 0.451833 0.070250 0.041667 0.088500
1 0.475000 0.083000 0.088000 0.114500
2 0.541000 0.391750 0.052000 0.087500
1 0.567833 0.408875 0.105667 0.122250
0 0.472833 0.572500 0.018333 0.036000
0 0.239500 0.667750 0.030333 0.043500
0 0.303167 0.697125 0.044333 0.053750
0 0.147500 0.684250 0.023000 0.039500
2 0.157333 0.689375 0.042000 0.050250
0 0.399167 0.956875 0.204333 0.086250
0 0.245833 0.462000 0.021667 0.033000
2 0.242333 0.450750 0.053333 0.061500
0 0.325667 0.321500 0.026000 0.045500
0 0.129167 0.430125 0.151000 0.135250
0 0.191667 0.318250 0.031333 0.045500
0 0.595500 0.254875 0.023667 0.034250
