0 0.834821 0.790303 0.042659 0.215030
0 0.739749 0.686508 0.062169 0.114583
2 0.295470 0.412698 0.209325 0.333829
0 0.375992 0.482515 0.034392 0.130208
1 0.438823 0.486111 0.496032 0.472222
0 0.493056 0.413690 0.114418 0.250992
2 0.459325 0.431300 0.181878 0.307044
0 0.790179 0.105779 0.090939 0.195188
2 0.768022 0.120288 0.143188 0.234623
2 0.906085 0.798611 0.187831 0.235615
0 0.209325 0.647817 0.067460 0.138393
2 0.273975 0.655506 0.202712 0.158234
0 0.779762 0.656498 0.045635 0.110615
0 0.320106 0.275670 0.115741 0.153026
0 0.285714 0.283978 0.071429 0.134425
