2 0.520667 0.558875 0.079333 0.211250
0 0.404167 0.427500 0.087667 0.086500
0 0.308333 0.767375 0.084667 0.073750
0 0.265000 0.184125 0.048667 0.106250
0 0.017333 0.166875 0.032000 0.056250
0 0.163500 0.182625 0.029000 0.047250
2 0.173333 0.184125 0.054667 0.089750
0 0.679333 0.340000 0.009333 0.038500
2 0.676333 0.329875 0.025333 0.076250
1 0.695167 0.344500 0.061667 0.105500
0 0.454667 0.064375 0.018000 0.039750
2 0.435000 0.075375 0.058667 0.060250
0 0.693500 0.088125 0.021667 0.046750
2 0.649000 0.094000 0.110667 0.060000
0 0.271667 0.503875 0.018667 0.047750
0 0.331333 0.522625 0.016667 0.054750
2 0.252167 0.779250 0.195667 0.099000
1 0.283333 0.779375 0.258000 0.098750
0 0.541833 0.581250 0.037000 0.133000
1 0.598167 0.585875 0.231000 0.265250
0 0.654000 0.688375 0.045333 0.115750
0 0.736667 0.588625 0.016667 0.048750
0 0.843833 0.754000 0.016333 0.036500
2 0.851000 0.759500 0.032667 0.048500
0 0.856167 0.881250 0.018333 0.048500
2 0.869167 0.867125 0.064333 0.088750
0 0.715833 0.954625 0.029000 0.017750
2 0.680167 0.927625 0.097667 0.071750
0 0.802167 0.827375 0.089667 0.033250
0 0.910500 0.412250 0.022333 0.058000
0 0.905000 0.109750 0.017333 0.049000
2 0.896333 0.119250 0.034667 0.069000
