0 0.442832 0.074570 0.028026 0.148479
2 0.438368 0.086971 0.052827 0.172619
1 0.468626 0.115906 0.114831 0.228505
0 0.357019 0.302579 0.079117 0.334656
2 0.372148 0.321594 0.109375 0.375331
1 0.414311 0.381448 0.193700 0.495040
0 0.256944 0.863095 0.048115 0.220238
2 0.265501 0.864583 0.066716 0.256283
0 0.059028 0.147983 0.034722 0.069114
2 0.070312 0.160384 0.055804 0.093915
0 0.481895 0.803075 0.037202 0.067130
2 0.472470 0.789848 0.054067 0.129299
0 0.482515 0.950397 0.015625 0.078704
2 0.480531 0.939649 0.037946 0.120701
0 0.113963 0.877646 0.089038 0.240741
