1 0.509833 0.239125 0.118333 0.161750
2 0.721500 0.600000 0.055000 0.062500
2 0.507500 0.582000 0.174333 0.197500
1 0.825000 0.337375 0.210667 0.152250
0 0.157500 0.206000 0.031667 0.107500
2 0.125167 0.211125 0.097667 0.118750
0 0.512667 0.252875 0.022667 0.084250
2 0.536333 0.225250 0.071333 0.140500
0 0.679000 0.198375 0.016000 0.080750
2 0.651500 0.176125 0.069667 0.164750
0 0.277500 0.308750 0.069000 0.062000
1 0.347667 0.311875 0.204667 0.068250
0 0.774167 0.370250 0.015000 0.058500
2 0.751833 0.329750 0.064333 0.138000
0 0.443500 0.579500 0.023667 0.162500
1 0.425667 0.591375 0.340667 0.222750
0 0.743167 0.418500 0.041000 0.066500
2 0.740333 0.428125 0.055333 0.088250
1 0.703833 0.428625 0.130333 0.122250
0 0.951000 0.167625 0.017333 0.105750
2 0.962500 0.173375 0.041667 0.119250
1 0.921167 0.171250 0.118333 0.162000
0 0.710000 0.596875 0.028000 0.055250
1 0.709333 0.600500 0.082667 0.087500
0 0.605667 0.587250 0.028000 0.038000
0 0.790000 0.771875 0.089333 0.071250
2 0.770000 0.740625 0.131333 0.159750
0 0.244667 0.860250 0.028667 0.034000
2 0.262000 0.862750 0.092667 0.078000
0 0.044500 0.477625 0.057667 0.122250
