0 0.520833 0.054894 0.024802 0.109127
2 0.529514 0.075728 0.041171 0.145503
1 0.501984 0.099372 0.108631 0.195437
0 0.504216 0.360780 0.034226 0.224206
2 0.489955 0.370205 0.059772 0.245040
1 0.498388 0.407903 0.076637 0.322421
0 0.058780 0.948743 0.036210 0.102513
2 0.068576 0.932705 0.057788 0.134590
0 0.086806 0.663360 0.036706 0.091931
0 0.092758 0.534226 0.027282 0.102844
2 0.077629 0.544147 0.058532 0.121362
0 0.338294 0.371197 0.015377 0.125331
2 0.337550 0.364583 0.033730 0.138558
1 0.332465 0.379464 0.061260 0.166997
0 0.390625 0.257440 0.018353 0.151124
0 0.176587 0.319114 0.040179 0.115741
2 0.159102 0.332341 0.075149 0.136905
0 0.120784 0.256614 0.027778 0.132275
2 0.103919 0.266865 0.059028 0.173280
