0 0.546875 0.471561 0.035714 0.290344
2 0.576761 0.472057 0.096974 0.324405
1 0.506572 0.497354 0.240327 0.373016
0 0.709697 0.271991 0.017113 0.114749
2 0.709573 0.271495 0.048115 0.161376
0 0.726314 0.443452 0.014633 0.089947
2 0.714658 0.448247 0.039435 0.101521
0 0.868552 0.962798 0.026290 0.074405
2 0.857267 0.945271 0.050347 0.107474
0 0.065972 0.639385 0.019345 0.078373
2 0.065228 0.634755 0.044147 0.100198
0 0.151910 0.644676 0.036458 0.072421
2 0.148438 0.648479 0.054315 0.080688
0 0.278026 0.249835 0.075893 0.239749
2 0.259425 0.226687 0.113095 0.362765
1 0.299727 0.239914 0.193700 0.397817
0 0.831721 0.086475 0.045883 0.171627
0 0.517361 0.035384 0.013889 0.070106
2 0.510045 0.042493 0.040923 0.083664
