0 0.220114 0.226190 0.037946 0.165344
2 0.212550 0.257110 0.055060 0.227183
0 0.465898 0.381448 0.034970 0.313161
2 0.503844 0.388228 0.110863 0.328704
1 0.484871 0.433862 0.150298 0.413360
0 0.427579 0.825397 0.037202 0.163360
2 0.448909 0.826389 0.081349 0.214947
0 0.751860 0.454530 0.037946 0.171627
2 0.736359 0.471065 0.068948 0.204696
1 0.745288 0.491733 0.086806 0.248016
0 0.094246 0.614087 0.032738 0.089947
2 0.090774 0.611111 0.058036 0.139550
0 0.886409 0.036872 0.035714 0.070437
2 0.881324 0.053075 0.047371 0.098214
0 0.399926 0.170304 0.036458 0.082672
2 0.384177 0.170800 0.071429 0.083664
