0 0.586806 0.555721 0.109127 0.268849
2 0.519717 0.570602 0.263641 0.296627
1 0.570809 0.601190 0.365823 0.361772
0 0.797495 0.342262 0.061260 0.242725
2 0.806920 0.354828 0.084573 0.304894
1 0.778646 0.386739 0.141121 0.362765
0 0.957465 0.530258 0.085069 0.164352
2 0.947173 0.412037 0.104663 0.411376
1 0.938120 0.449735 0.123760 0.484788
0 0.735615 0.203869 0.028770 0.182870
2 0.712302 0.207507 0.070437 0.192130
1 0.746032 0.225033 0.136409 0.227183
0 0.505828 0.183697 0.018601 0.074405
2 0.497644 0.192956 0.034970 0.090939
