2 0.207500 0.566375 0.172333 0.109250
0 0.236167 0.680125 0.054333 0.068750
2 0.805667 0.513125 0.093333 0.097750
0 0.780500 0.506375 0.019667 0.085250
1 0.765167 0.539500 0.174333 0.150500
0 0.176167 0.763250 0.075000 0.046000
2 0.131833 0.812750 0.197000 0.145000
0 0.273333 0.565375 0.039333 0.103250
1 0.257500 0.581750 0.273000 0.142000
0 0.501000 0.422125 0.026667 0.046750
0 0.662333 0.431000 0.023333 0.055000
0 0.438833 0.382875 0.031000 0.105750
2 0.410000 0.390625 0.094667 0.122250
0 0.142667 0.371000 0.038667 0.063500
2 0.124500 0.355750 0.076333 0.095500
0 0.043500 0.413375 0.034333 0.090250
2 0.031500 0.446625 0.058333 0.155750
0 0.880167 0.371000 0.053000 0.103500
0 0.333667 0.390000 0.046000 0.075500
2 0.311167 0.400875 0.091000 0.110750
0 0.983167 0.359625 0.013667 0.085250
2 0.986167 0.357625 0.025667 0.093750
0 0.791167 0.314250 0.059667 0.070500
2 0.809333 0.307375 0.100667 0.144250
0 0.839000 0.162250 0.034000 0.105000
2 0.855500 0.169000 0.085667 0.121000
0 0.614667 0.187000 0.044667 0.091000
0 0.648833 0.203125 0.037000 0.130250
2 0.685167 0.215000 0.135667 0.154000
0 0.246000 0.202500 0.016667 0.041500
0 0.233167 0.101750 0.069667 0.066000
2 0.229500 0.110500 0.103000 0.083500
0 0.122333 0.148250 0.022000 0.051000
2 0.099833 0.142125 0.069667 0.089750
