2 0.258000 0.352375 0.107333 0.221250
2 0.547167 0.418125 0.107000 0.155250
0 0.518833 0.443750 0.044333 0.066500
0 0.236167 0.411375 0.062333 0.068750
0 0.855833 0.530125 0.013667 0.084250
2 0.870333 0.503750 0.040667 0.154000
0 0.671500 0.352250 0.055000 0.070500
2 0.639000 0.353625 0.122000 0.073250
0 0.480667 0.317250 0.050667 0.033500
2 0.479500 0.297375 0.054333 0.073250
0 0.102833 0.421250 0.047000 0.066500
0 0.249167 0.569000 0.018333 0.029000
2 0.254500 0.575875 0.048333 0.050750
0 0.507500 0.690625 0.074333 0.140250
0 0.730333 0.040625 0.033333 0.075750
0 0.927667 0.128500 0.034000 0.050000
2 0.920333 0.110125 0.050000 0.089750
0 0.724167 0.709375 0.045667 0.063250
0 0.944667 0.965625 0.066667 0.068750
