2 0.785167 0.546125 0.073000 0.070750
2 0.720000 0.203500 0.057333 0.104000
2 0.143000 0.474125 0.072667 0.103750
0 0.300000 0.239625 0.026667 0.041750
0 0.557500 0.426000 0.075000 0.075000
0 0.181833 0.025625 0.020333 0.047750
2 0.179500 0.035250 0.038333 0.068500
0 0.018167 0.016750 0.029667 0.033000
2 0.025500 0.021625 0.044333 0.042250
0 0.259833 0.071125 0.032333 0.058250
0 0.217000 0.188250 0.020000 0.035500
2 0.222833 0.202125 0.031000 0.064250
0 0.114333 0.490500 0.014667 0.070500
1 0.095333 0.497250 0.168667 0.150000
0 0.361000 0.395750 0.018000 0.035000
0 0.258667 0.404125 0.026667 0.050750
0 0.481167 0.188875 0.013000 0.063750
2 0.467333 0.190500 0.042000 0.066000
0 0.740333 0.198250 0.016667 0.093000
1 0.745333 0.232000 0.108000 0.161000
0 0.678167 0.412625 0.012333 0.062250
2 0.696000 0.411750 0.052000 0.084500
1 0.633000 0.428500 0.176000 0.118000
0 0.454667 0.470000 0.014667 0.051500
2 0.466333 0.455500 0.045333 0.081500
0 0.767500 0.436500 0.014333 0.030500
2 0.757500 0.415375 0.045000 0.083750
0 0.872333 0.390250 0.066000 0.078500
2 0.857167 0.364500 0.095667 0.165000
0 0.758667 0.549500 0.016000 0.049500
0 0.856833 0.523500 0.045000 0.070000
2 0.897333 0.534000 0.126667 0.092000
2 0.821667 0.597875 0.030000 0.066750
0 0.817667 0.615250 0.010667 0.030000
1 0.873500 0.615250 0.132333 0.103500
0 0.635833 0.558500 0.047667 0.073500
2 0.611000 0.572250 0.096667 0.101500
0 0.471167 0.573500 0.013000 0.028500
0 0.290500 0.490750 0.039667 0.048000
2 0.240333 0.662125 0.030000 0.064750
0 0.240833 0.655875 0.025667 0.038250
0 0.867167 0.816375 0.014333 0.031250
0 0.530167 0.229500 0.014333 0.032500
0 0.843500 0.067625 0.045667 0.071250
2 0.818333 0.076125 0.097333 0.088750
0 0.753000 0.048500 0.018000 0.060000
