0 0.031710 0.167688 0.014400 0.057598
2 0.040135 0.171160 0.030637 0.062092
0 0.121630 0.156658 0.123162 0.312500
2 0.176164 0.183211 0.232843 0.365605
0 0.390778 0.367851 0.025429 0.186683
2 0.417279 0.381740 0.079044 0.216095
1 0.402880 0.416462 0.109681 0.282271
0 0.537071 0.287786 0.014706 0.070670
2 0.553922 0.298203 0.047181 0.088235
0 0.305300 0.304126 0.012561 0.032271
2 0.300551 0.307190 0.020833 0.039216
0 0.306832 0.402165 0.012561 0.073938
2 0.303309 0.401757 0.029412 0.095180
1 0.306985 0.412990 0.036152 0.116013
0 0.306066 0.704044 0.011029 0.059232
2 0.306066 0.695261 0.035539 0.086601
1 0.310202 0.712214 0.044424 0.118873
0 0.281250 0.853962 0.011029 0.044526
2 0.272825 0.851920 0.027880 0.050245
0 0.051624 0.954453 0.028493 0.054330
2 0.043505 0.940564 0.046569 0.103350
0 0.431832 0.853554 0.032169 0.088644
2 0.435968 0.868056 0.041667 0.117647
