0 0.882047 0.599877 0.047181 0.055147
2 0.876838 0.578227 0.061887 0.098448
0 0.458487 0.286560 0.079963 0.428513
2 0.383885 0.305351 0.229167 0.466095
1 0.398744 0.334763 0.262561 0.522467
0 0.391697 0.229575 0.048713 0.286765
2 0.368566 0.230596 0.094975 0.287173
0 0.537531 0.330065 0.046262 0.115196
2 0.522212 0.327614 0.073836 0.151961
0 0.390931 0.568423 0.044118 0.143382
2 0.361520 0.575776 0.106005 0.158088
0 0.048407 0.925654 0.039216 0.066176
2 0.051624 0.915237 0.065870 0.105801
1 0.051164 0.930351 0.066789 0.131944
