2 0.559926 0.447380 0.087243 0.141753
0 0.921053 0.402814 0.028604 0.054768
0 0.901030 0.575172 0.025744 0.060137
0 0.009153 0.159579 0.017162 0.048540
2 0.018450 0.169888 0.036327 0.070017
0 0.300629 0.277062 0.010870 0.024055
2 0.292620 0.276847 0.028032 0.024485
0 0.094394 0.324957 0.024027 0.051117
2 0.112128 0.327749 0.060641 0.073883
0 0.030892 0.378866 0.030892 0.046392
0 0.266447 0.352234 0.012872 0.047251
2 0.273169 0.357174 0.031465 0.057560
0 0.332809 0.465636 0.019165 0.039089
0 0.357408 0.320232 0.005435 0.019330
2 0.356407 0.325924 0.015446 0.035009
0 0.316934 0.281357 0.010870 0.034364
0 0.465246 0.209192 0.012872 0.037371
0 0.550200 0.285868 0.013444 0.025773
0 0.549771 0.312500 0.008581 0.031787
2 0.542191 0.307990 0.025458 0.052835
0 0.582094 0.330863 0.010297 0.031572
0 0.570938 0.458226 0.025744 0.120060
0 0.183781 0.521478 0.017449 0.021478
2 0.173627 0.525773 0.057208 0.030928
0 0.345824 0.570125 0.041190 0.005799
2 0.338959 0.566903 0.056064 0.021692
0 0.370852 0.580649 0.036327 0.058634
0 0.094394 0.563037 0.021167 0.033290
0 0.037614 0.521800 0.067220 0.029854
2 0.055063 0.522552 0.099256 0.038660
0 0.056064 0.566581 0.032609 0.054983
2 0.048198 0.568084 0.048341 0.053265
0 0.104691 0.618235 0.021167 0.026418
0 0.202517 0.651095 0.021739 0.023840
0 0.433495 0.759343 0.042620 0.006658
2 0.401888 0.782109 0.105835 0.052191
1 0.424914 0.755906 0.151888 0.103308
0 0.596253 0.837844 0.035183 0.073883
2 0.515875 0.882839 0.193078 0.164734
0 0.861270 0.819051 0.025744 0.044029
2 0.855692 0.831937 0.058066 0.071950
0 0.942363 0.826783 0.062071 0.057345
2 0.948084 0.854918 0.103833 0.114476
