2 0.409500 0.589250 0.064333 0.199000
0 0.338833 0.107000 0.053667 0.158500
0 0.144500 0.464625 0.076333 0.120750
2 0.048833 0.396000 0.091667 0.136500
2 0.965833 0.586750 0.068333 0.196000
2 0.246000 0.191750 0.245333 0.192500
2 0.338167 0.124125 0.067667 0.194750
0 0.182833 0.186750 0.085667 0.171000
1 0.188167 0.209875 0.359667 0.227750
0 0.053333 0.390125 0.050667 0.115250
0 0.406333 0.600625 0.032667 0.073750
1 0.374833 0.591500 0.135000 0.204500
0 0.768833 0.426125 0.089667 0.090750
2 0.784333 0.434125 0.137333 0.134250
1 0.738167 0.460125 0.229667 0.185250
0 0.476000 0.287500 0.022000 0.053500
2 0.948333 0.268250 0.098667 0.145500
0 0.970000 0.643500 0.060000 0.057500
0 0.964667 0.772125 0.020667 0.047750
2 0.970500 0.769625 0.053000 0.085750
1 0.859500 0.641500 0.281000 0.304500
