0 0.358303 0.283701 0.062194 0.206291
2 0.377604 0.309232 0.105086 0.253268
0 0.207721 0.590074 0.018382 0.024101
2 0.211703 0.588644 0.026348 0.044118
0 0.347580 0.635417 0.012561 0.040441
2 0.353094 0.648897 0.023591 0.064951
0 0.054381 0.447917 0.024203 0.060049
0 0.187653 0.461397 0.016238 0.057598
2 0.186121 0.471201 0.026042 0.074755
0 0.049786 0.127859 0.023591 0.076797
2 0.056373 0.141340 0.037377 0.103758
0 0.182138 0.061887 0.005208 0.053513
2 0.180913 0.060458 0.015012 0.062908
0 0.279871 0.134191 0.010110 0.041258
2 0.278646 0.132149 0.022978 0.058415
0 0.353094 0.084559 0.019301 0.055556
0 0.467371 0.096201 0.011336 0.037173
0 0.158854 0.923815 0.011336 0.033088
2 0.169730 0.924224 0.033088 0.034722
