0 0.063161 0.579985 0.078704 0.166419
2 0.823247 0.325397 0.124008 0.285218
0 0.185185 0.123388 0.035714 0.180804
2 0.245040 0.115451 0.147487 0.217014
1 0.180225 0.142981 0.282407 0.265625
0 0.809358 0.327381 0.052579 0.196429
0 0.487599 0.595486 0.023479 0.062996
2 0.550926 0.527406 0.161376 0.193204
1 0.454530 0.542411 0.351521 0.221230
2 0.053571 0.595114 0.100529 0.194196
1 0.118221 0.638021 0.235780 0.280010
2 0.100529 0.467386 0.117063 0.131200
1 0.152116 0.483507 0.217593 0.165427
0 0.497851 0.236483 0.060516 0.142609
2 0.471726 0.246776 0.112765 0.173611
0 0.698413 0.658110 0.050926 0.072173
2 0.698413 0.620908 0.100529 0.194196
2 0.981812 0.041171 0.036376 0.076389
0 0.692130 0.796627 0.033069 0.134425
2 0.732804 0.764013 0.070106 0.205605
0 0.840443 0.856399 0.056548 0.086806
2 0.901290 0.885913 0.197421 0.145833
2 0.670800 0.026166 0.056548 0.050843
0 0.655093 0.019097 0.013889 0.037698
2 0.949239 0.116071 0.092262 0.121032
2 0.799603 0.041667 0.068783 0.077381
