2 0.476958 0.363038 0.082432 0.183117
1 0.923518 0.390299 0.113154 0.177477
0 0.220900 0.162625 0.092601 0.081594
2 0.254543 0.169017 0.177629 0.119195
0 0.500649 0.371310 0.019905 0.151908
1 0.555928 0.397819 0.238641 0.252303
0 0.831242 0.386633 0.032021 0.104343
2 0.833514 0.402425 0.038728 0.132168
0 0.664756 0.255311 0.011900 0.026697
2 0.680117 0.265933 0.064258 0.049821
0 0.741346 0.183023 0.058200 0.063358
2 0.702618 0.194209 0.136521 0.085730
0 0.516443 0.139312 0.030723 0.034217
2 0.515794 0.141286 0.034184 0.064862
0 0.148637 0.166761 0.019472 0.048505
0 0.155669 0.728050 0.056469 0.032149
2 0.147231 0.707934 0.073345 0.076142
0 0.014604 0.598139 0.028775 0.052453
2 0.117157 0.606129 0.233881 0.070314
