0 0.488467 0.337302 0.027034 0.284392
2 0.506200 0.341766 0.061012 0.295304
1 0.471726 0.386243 0.131944 0.380291
0 0.217138 0.167493 0.053323 0.195437
2 0.236483 0.188988 0.092014 0.239749
0 0.798363 0.670470 0.020833 0.188161
2 0.792907 0.676587 0.056548 0.200397
0 0.977803 0.473049 0.035466 0.136574
2 0.974578 0.490079 0.050843 0.168651
0 0.612351 0.262731 0.019345 0.096230
2 0.626364 0.281911 0.047371 0.161045
0 0.512773 0.953538 0.023065 0.092923
2 0.490327 0.954034 0.086806 0.091931
0 0.758185 0.942626 0.042659 0.114749
