0 0.484840 0.421070 0.068650 0.129940
2 0.602117 0.453286 0.128719 0.121349
0 0.044908 0.336125 0.045767 0.076460
0 0.161613 0.364261 0.025744 0.050687
2 0.167477 0.367805 0.032895 0.066366
0 0.194937 0.353952 0.030034 0.060567
0 0.157752 0.152169 0.009439 0.014390
2 0.160612 0.149377 0.015732 0.028565
1 0.156178 0.151632 0.032037 0.034794
0 0.361556 0.211018 0.014302 0.059064
0 0.233267 0.241838 0.018593 0.055412
0 0.425915 0.160653 0.002860 0.008591
2 0.422483 0.156894 0.008009 0.018686
1 0.427918 0.161190 0.018307 0.026847
0 0.464245 0.213273 0.008009 0.026203
2 0.456808 0.214991 0.022883 0.033505
0 0.470967 0.177942 0.026030 0.027706
0 0.489130 0.166237 0.006865 0.024055
0 0.643307 0.153028 0.007437 0.021263
0 0.523884 0.110073 0.012872 0.024270
0 0.651459 0.239476 0.004863 0.015464
2 0.653604 0.243449 0.008581 0.024270
0 0.673627 0.216065 0.006293 0.014605
0 0.566362 0.314648 0.005721 0.025344
2 0.560069 0.315399 0.019451 0.032002
0 0.595395 0.315399 0.012300 0.030284
2 0.604977 0.320554 0.030320 0.040593
1 0.598112 0.323561 0.045767 0.046177
0 0.348684 0.360932 0.007437 0.022981
2 0.355120 0.365550 0.022025 0.031787
0 0.609411 0.606744 0.032323 0.041667
0 0.854262 0.432560 0.014588 0.034364
2 0.848255 0.437070 0.027174 0.043385
0 0.932923 0.352878 0.020309 0.028351
2 0.983982 0.380155 0.017735 0.019759
0 0.754005 0.634021 0.051487 0.013746
2 0.738844 0.623389 0.083524 0.036727
2 0.664617 0.673647 0.016876 0.015679
0 0.669050 0.670210 0.005721 0.009235
