0 0.277420 0.086193 0.027267 0.159314
2 0.244485 0.107435 0.096814 0.200163
1 0.247243 0.141748 0.103554 0.263889
0 0.566636 0.123775 0.040135 0.155229
2 0.556373 0.120098 0.063725 0.197712
1 0.569240 0.136234 0.083333 0.228350
0 0.388021 0.389910 0.017463 0.069036
2 0.385570 0.380310 0.034620 0.125817
1 0.372089 0.404003 0.065870 0.174837
0 0.495404 0.284109 0.070466 0.253676
2 0.531097 0.312908 0.140625 0.308824
0 0.649203 0.526144 0.170343 0.173203
2 0.609375 0.542279 0.250000 0.208742
0 0.474265 0.689542 0.058211 0.144608
0 0.926930 0.640727 0.015625 0.087010
2 0.931832 0.652778 0.050551 0.112745
0 0.982996 0.696487 0.034007 0.040033
2 0.981005 0.676879 0.032475 0.079248
