0 0.685968 0.075163 0.019608 0.059641
2 0.683977 0.059436 0.040748 0.113971
0 0.691023 0.339052 0.023591 0.095588
2 0.678462 0.355392 0.048713 0.125817
0 0.928615 0.665237 0.024510 0.090278
2 0.922794 0.703023 0.059436 0.163399
0 0.368719 0.214052 0.078125 0.231209
2 0.389859 0.241422 0.116728 0.278595
1 0.388940 0.257149 0.118566 0.313317
0 0.265012 0.239788 0.062500 0.118464
2 0.261642 0.255515 0.099265 0.148284
0 0.020067 0.355188 0.015012 0.027369
2 0.030025 0.371936 0.037377 0.060866
0 0.030178 0.800654 0.059743 0.080065
2 0.041820 0.824959 0.081189 0.131944
