1 0.339167 0.216375 0.203000 0.141250
2 0.546833 0.266375 0.073000 0.136750
2 0.545333 0.454625 0.208000 0.186250
0 0.887500 0.105125 0.045667 0.068750
0 0.353333 0.226500 0.024000 0.081500
2 0.390000 0.206250 0.100000 0.122000
0 0.403333 0.311375 0.047333 0.069750
0 0.568833 0.278000 0.027667 0.083000
1 0.605167 0.274000 0.188333 0.150000
0 0.034167 0.323875 0.062333 0.061750
2 0.049167 0.326625 0.094333 0.066250
0 0.014000 0.465750 0.024000 0.039000
2 0.030833 0.440125 0.057000 0.115250
0 0.061167 0.397125 0.048333 0.097250
0 0.651833 0.404375 0.043000 0.084750
2 0.640667 0.393500 0.066667 0.124000
0 0.474667 0.487250 0.026000 0.118000
0 0.846333 0.591000 0.052000 0.108000
2 0.837167 0.599500 0.096333 0.125000
0 0.504000 0.717625 0.030000 0.082250
