0 0.739831 0.440476 0.015377 0.114418
2 0.742684 0.433201 0.061260 0.162037
1 0.750372 0.450231 0.075149 0.192130
0 0.079861 0.305225 0.045635 0.141534
2 0.091270 0.309358 0.074405 0.147817
0 0.363219 0.339616 0.035466 0.262566
2 0.323289 0.350694 0.113839 0.280093
0 0.349330 0.114087 0.035466 0.196429
0 0.671007 0.856812 0.018601 0.089947
2 0.662822 0.847057 0.037946 0.105489
0 0.462054 0.579530 0.017857 0.105489
2 0.457341 0.597057 0.039683 0.138558
0 0.184524 0.699901 0.041171 0.094246
2 0.177579 0.708664 0.065972 0.109788
1 0.187996 0.718915 0.086806 0.128307
