0 0.419023 0.366071 0.023065 0.282407
1 0.434896 0.393353 0.135665 0.336971
2 0.399182 0.375827 0.064236 0.301918
0 0.334945 0.594907 0.051835 0.181878
2 0.351562 0.608796 0.082093 0.207672
1 0.346850 0.625827 0.119296 0.239749
0 0.872768 0.858962 0.030258 0.112765
2 0.892857 0.891534 0.067460 0.179894
0 0.577877 0.853340 0.027778 0.122024
2 0.587178 0.860119 0.057292 0.137566
1 0.561260 0.868221 0.107639 0.151786
0 0.712054 0.208003 0.026290 0.085979
0 0.729787 0.420304 0.031002 0.097222
2 0.743304 0.429067 0.058036 0.118717
0 0.380208 0.063988 0.037202 0.094907
2 0.394221 0.083995 0.065228 0.137566
0 0.201265 0.081845 0.068204 0.163029
2 0.194940 0.093585 0.099206 0.186508
0 0.574405 0.181713 0.036210 0.122024
