0 0.115699 0.670966 0.017113 0.049603
2 0.109871 0.677910 0.027778 0.064815
0 0.029266 0.496032 0.022817 0.052249
2 0.030506 0.504630 0.033730 0.069444
0 0.616443 0.188161 0.035466 0.117063
2 0.613963 0.181548 0.055308 0.171296
1 0.609747 0.220569 0.063740 0.248016
0 0.691096 0.382771 0.034970 0.069775
2 0.682044 0.380622 0.064484 0.123016
1 0.672991 0.409557 0.078621 0.178241
0 0.506076 0.656581 0.021577 0.094907
2 0.494420 0.667328 0.045883 0.116402
0 0.464534 0.591104 0.015873 0.059193
2 0.457713 0.592593 0.030506 0.082672
0 0.880952 0.171958 0.014881 0.061508
2 0.890129 0.177414 0.038194 0.073743
1 0.881076 0.186673 0.056300 0.090939
0 0.903770 0.429894 0.036706 0.067460
0 0.953497 0.539352 0.043403 0.049603
0 0.822793 0.889385 0.054812 0.030093
2 0.814856 0.875992 0.069692 0.084656
0 0.919271 0.965939 0.021081 0.062169
2 0.930060 0.960317 0.041667 0.078704
0 0.331473 0.520668 0.011657 0.025463
2 0.324405 0.519015 0.024802 0.029431
0 0.363963 0.456349 0.006696 0.021825
2 0.361359 0.452216 0.012897 0.030754
0 0.188368 0.503803 0.008185 0.029431
2 0.194568 0.500165 0.020585 0.037368
1 0.187128 0.504795 0.035466 0.046627
0 0.284350 0.097222 0.014633 0.066138
2 0.297495 0.101025 0.042411 0.072421
