2 0.835483 0.451389 0.093585 0.187996
2 0.474537 0.530878 0.253307 0.241815
0 0.520668 0.488591 0.061839 0.221230
1 0.566138 0.551711 0.458995 0.367808
0 0.810020 0.443700 0.020833 0.112599
2 0.279597 0.443576 0.139220 0.156002
0 0.069279 0.435392 0.041336 0.150050
2 0.048115 0.438492 0.092262 0.164187
0 0.956184 0.049975 0.042659 0.093998
2 0.967427 0.066220 0.065146 0.131944
1 0.957341 0.102803 0.083995 0.205109
0 0.811343 0.150174 0.042659 0.135169
2 0.834821 0.148686 0.117394 0.165427
0 0.386243 0.123264 0.099206 0.245040
