0 0.361366 0.295956 0.069547 0.228350
2 0.391238 0.301062 0.129289 0.237745
1 0.391391 0.318832 0.130208 0.275735
0 0.049786 0.126225 0.022978 0.074346
2 0.055453 0.136642 0.033701 0.095180
1 0.057598 0.141953 0.038603 0.105801
0 0.113664 0.149918 0.005515 0.022876
2 0.114737 0.155433 0.011949 0.032271
1 0.114583 0.159518 0.012255 0.042075
0 0.183211 0.063521 0.006740 0.051879
2 0.182598 0.058824 0.015319 0.061275
0 0.280637 0.135008 0.012868 0.046977
2 0.279565 0.134804 0.021752 0.060458
0 0.052696 0.441585 0.012255 0.036765
2 0.054841 0.446895 0.025123 0.053922
0 0.774969 0.479371 0.015625 0.051062
2 0.781097 0.497141 0.027880 0.085784
0 0.954197 0.455065 0.008885 0.058824
2 0.963235 0.465686 0.025735 0.080882
1 0.958333 0.485703 0.036152 0.117647
0 0.738817 0.406454 0.022365 0.076797
0 0.580576 0.128064 0.012255 0.060049
0 0.354473 0.084150 0.010417 0.035131
2 0.354013 0.089257 0.020527 0.064951
0 0.469822 0.097631 0.014400 0.041667
