0 0.121630 0.310458 0.016544 0.074346
2 0.114890 0.318423 0.031250 0.092729
0 0.058211 0.499387 0.030637 0.069853
0 0.122243 0.697304 0.050858 0.101307
2 0.139093 0.707312 0.085784 0.121324
0 0.464461 0.355596 0.017770 0.147467
2 0.481311 0.360090 0.050245 0.156454
1 0.467371 0.379902 0.079350 0.194444
0 0.424632 0.331699 0.009804 0.051471
0 0.553462 0.072917 0.025429 0.097631
2 0.539216 0.095792 0.052696 0.141748
1 0.531097 0.111111 0.068934 0.172386
0 0.796262 0.631536 0.026961 0.053922
0 0.765625 0.367647 0.010417 0.065359
2 0.767463 0.366626 0.031863 0.101716
0 0.289522 0.843954 0.013480 0.022059
2 0.296722 0.827410 0.027880 0.056781
0 0.529871 0.782067 0.029105 0.085376
2 0.517923 0.763685 0.054228 0.140114
0 0.521752 0.523080 0.034926 0.053513
2 0.513787 0.537377 0.053922 0.082925
0 0.630821 0.920139 0.011029 0.045343
2 0.626838 0.918096 0.020221 0.060866
1 0.646752 0.920752 0.056985 0.067810
0 0.805453 0.945466 0.044118 0.016748
2 0.798100 0.918096 0.060662 0.073121
0 0.742647 0.741626 0.030637 0.029003
2 0.741575 0.739992 0.046262 0.042892
0 0.911765 0.612541 0.030637 0.047794
2 0.919577 0.585784 0.064032 0.101307
1 0.900888 0.598856 0.103248 0.125817
0 0.853860 0.459763 0.016544 0.058415
2 0.852941 0.456699 0.028186 0.066993
0 0.966452 0.213848 0.056679 0.097631
2 0.957261 0.217525 0.076900 0.120507
1 0.949449 0.232026 0.092525 0.149510
0 0.814338 0.097631 0.013480 0.036765
2 0.812500 0.089052 0.025735 0.055556
0 0.860447 0.167279 0.022978 0.033088
2 0.857384 0.167892 0.035233 0.053922
0 0.854473 0.082721 0.038603 0.064134
2 0.846661 0.102124 0.054841 0.102941
