0 0.510263 0.310049 0.053615 0.304739
2 0.466605 0.280433 0.142157 0.417075
1 0.486673 0.298611 0.182292 0.453431
0 0.617188 0.266544 0.014400 0.072304
0 0.699755 0.483456 0.006127 0.034722
2 0.698683 0.476307 0.018076 0.049020
1 0.701287 0.484886 0.022672 0.066176
0 0.480852 0.631127 0.006434 0.037582
2 0.476716 0.632557 0.014706 0.055147
0 0.655484 0.751838 0.013787 0.027369
2 0.650276 0.756536 0.024203 0.036765
0 0.966912 0.624592 0.020833 0.046569
2 0.961857 0.628064 0.029718 0.054330
1 0.966605 0.632761 0.037377 0.064542
0 0.905331 0.683211 0.021446 0.045343
2 0.899203 0.677288 0.035539 0.075980
0 0.867341 0.702410 0.008578 0.042075
2 0.867034 0.702819 0.024510 0.067402
0 0.726869 0.182394 0.007047 0.027369
2 0.726103 0.177696 0.014706 0.036765
0 0.640165 0.129085 0.008885 0.044935
