0 0.075061 0.809232 0.030025 0.052288
2 0.079810 0.803513 0.042586 0.070261
0 0.140625 0.424020 0.024510 0.052288
0 0.452512 0.270425 0.033701 0.225490
2 0.417892 0.286152 0.102941 0.258578
0 0.635263 0.398284 0.023591 0.063725
2 0.654871 0.401348 0.059743 0.099265
0 0.677237 0.583538 0.018076 0.034722
2 0.680760 0.576389 0.026961 0.074346
0 0.683211 0.822304 0.047181 0.036765
0 0.723192 0.860703 0.014400 0.044118
2 0.730699 0.862337 0.022672 0.044935
0 0.591605 0.147876 0.021446 0.063725
0 0.659620 0.057190 0.028186 0.111111
2 0.659161 0.079248 0.057292 0.155229
0 0.877145 0.056168 0.031250 0.104984
