0 0.570772 0.174632 0.017157 0.083742
0 0.693321 0.379698 0.070466 0.198938
2 0.705882 0.399714 0.114583 0.238971
0 0.332414 0.591299 0.014706 0.064951
0 0.478554 0.313725 0.019608 0.048203
2 0.482077 0.331699 0.026654 0.085784
0 0.531556 0.380310 0.018995 0.032680
2 0.534314 0.375613 0.022672 0.046160
1 0.524050 0.381944 0.046262 0.060458
0 0.298100 0.071895 0.014093 0.060458
2 0.290748 0.080270 0.028799 0.079657
1 0.279412 0.097222 0.055147 0.115196
0 0.828125 0.323938 0.016544 0.051471
2 0.821844 0.330678 0.022978 0.064951
0 0.714308 0.518178 0.068321 0.024918
2 0.709099 0.546364 0.084865 0.079657
0 0.620251 0.172590 0.012561 0.054330
2 0.629749 0.179330 0.029718 0.070261
1 0.623162 0.186683 0.041667 0.082516
