0 0.424231 0.110119 0.052827 0.215608
2 0.461186 0.135086 0.124752 0.261574
2 0.473958 0.380456 0.056052 0.267526
0 0.467510 0.418320 0.019345 0.138889
1 0.415055 0.414187 0.171875 0.334987
0 0.869916 0.862599 0.054315 0.110119
2 0.853919 0.819444 0.089782 0.196429
0 0.947917 0.193783 0.072917 0.333995
2 0.922371 0.267361 0.122520 0.483135
1 0.930556 0.322751 0.138889 0.591931
0 0.247520 0.687665 0.030258 0.105489
2 0.260789 0.681713 0.056796 0.157738
0 0.240327 0.745866 0.015873 0.083003
2 0.223958 0.753307 0.045635 0.095899
0 0.551463 0.739914 0.024058 0.103505
2 0.556672 0.754299 0.035962 0.132275
1 0.540303 0.770337 0.065724 0.164352
0 0.666791 0.949570 0.039931 0.098214
2 0.636781 0.950728 0.099950 0.098545
0 0.091890 0.861607 0.023065 0.084325
2 0.092758 0.850860 0.037698 0.116402
