0 0.029886 0.390377 0.047867 0.183532
2 0.038690 0.395337 0.063988 0.197421
1 0.047495 0.415675 0.083085 0.233466
0 0.492312 0.503142 0.051091 0.195437
2 0.461558 0.491898 0.111111 0.315807
1 0.504712 0.550595 0.195933 0.435185
0 0.821553 0.865245 0.037450 0.164352
2 0.788194 0.892196 0.115079 0.215608
1 0.789559 0.881283 0.119296 0.232804
0 0.671131 0.752315 0.016865 0.104497
0 0.938244 0.704696 0.018353 0.120370
2 0.943576 0.721726 0.031994 0.159061
0 0.567460 0.063161 0.041667 0.123677
2 0.581597 0.092427 0.067956 0.182209
0 0.095982 0.794312 0.024802 0.082011
2 0.080357 0.806713 0.056052 0.108796
0 0.992560 0.631779 0.014881 0.127976
2 0.983011 0.650794 0.033978 0.168651
