0 0.253472 0.867394 0.039187 0.217593
2 0.264757 0.863591 0.058284 0.254960
0 0.355903 0.284392 0.075893 0.308201
2 0.373512 0.316468 0.111111 0.372354
1 0.417535 0.368056 0.200645 0.482143
1 0.220238 0.866898 0.147321 0.261574
0 0.112723 0.884590 0.085565 0.230820
2 0.074777 0.882771 0.145585 0.227183
0 0.479911 0.943618 0.015377 0.058532
2 0.480655 0.934028 0.037698 0.103505
0 0.483135 0.799107 0.034226 0.055225
2 0.473462 0.793320 0.053571 0.120370
0 0.883185 0.700893 0.018353 0.079034
2 0.893105 0.706845 0.041667 0.094907
0 0.060268 0.150628 0.030258 0.068452
2 0.071925 0.160218 0.052083 0.091601
0 0.748760 0.456845 0.018353 0.061839
2 0.764385 0.463790 0.049603 0.075728
0 0.441840 0.056217 0.027034 0.111772
2 0.439112 0.078538 0.053819 0.150463
1 0.471106 0.120205 0.115823 0.237765
