0 0.406250 0.351511 0.063725 0.171977
2 0.406556 0.375613 0.064338 0.220180
1 0.425551 0.380515 0.103554 0.302696
0 0.214461 0.299224 0.019608 0.091912
2 0.213388 0.303309 0.046875 0.136029
0 0.088388 0.421773 0.045650 0.091912
2 0.111213 0.436479 0.091299 0.123775
0 0.176930 0.133170 0.026042 0.093137
2 0.165594 0.154820 0.048713 0.133987
0 0.273591 0.456495 0.019608 0.064951
2 0.265625 0.464052 0.035539 0.078431
0 0.343444 0.631127 0.016544 0.104575
2 0.331189 0.638685 0.041054 0.121324
1 0.346507 0.642770 0.066789 0.131944
0 0.458027 0.712418 0.024510 0.074346
2 0.447151 0.714052 0.046262 0.111111
0 0.472886 0.847018 0.021140 0.071487
0 0.622243 0.931373 0.016544 0.080882
2 0.617188 0.939747 0.028493 0.097631
0 0.771906 0.178717 0.020527 0.106618
2 0.787224 0.188725 0.054228 0.151961
0 0.859528 0.439951 0.024203 0.036765
2 0.866115 0.421773 0.055147 0.091912
