0 0.826440 0.174632 0.015012 0.091912
2 0.837010 0.179739 0.039216 0.104575
0 0.870558 0.136846 0.013174 0.048203
2 0.868107 0.134191 0.026042 0.105801
1 0.858303 0.150940 0.045650 0.139297
0 0.437194 0.250408 0.018995 0.151961
2 0.421109 0.261029 0.051164 0.170752
1 0.428156 0.275531 0.062194 0.202206
0 0.484069 0.410743 0.024510 0.187500
2 0.467218 0.429534 0.058211 0.225082
1 0.498621 0.458333 0.121017 0.286765
0 0.617188 0.459967 0.017463 0.093137
2 0.615962 0.477941 0.049326 0.126634
0 0.373621 0.719158 0.031556 0.142565
0 0.236060 0.229984 0.012561 0.081699
2 0.230239 0.230596 0.022978 0.084559
0 0.625460 0.164011 0.026042 0.087827
0 0.937653 0.374183 0.042586 0.044935
0 0.488971 0.275123 0.011029 0.094363
2 0.495251 0.288194 0.023591 0.118056
0 0.123009 0.060866 0.032782 0.114379
2 0.137255 0.081904 0.058211 0.154003
