0 0.470486 0.308036 0.015873 0.072421
0 0.525546 0.287533 0.026786 0.117394
2 0.519965 0.310516 0.036954 0.162037
0 0.391989 0.377646 0.061260 0.143519
2 0.409970 0.390708 0.097222 0.170304
1 0.409474 0.415344 0.097222 0.220899
0 0.548735 0.508929 0.034474 0.106481
2 0.540923 0.512897 0.050099 0.136243
0 0.449901 0.665675 0.019345 0.092593
0 0.166047 0.729497 0.071677 0.142857
0 0.239211 0.673942 0.009673 0.039683
2 0.238343 0.660384 0.019345 0.069444
1 0.232515 0.666171 0.032986 0.081019
0 0.809524 0.459656 0.019841 0.070106
2 0.802703 0.467427 0.033482 0.086971
