0 0.141989 0.124504 0.060764 0.135251
2 0.132316 0.138889 0.095982 0.208995
1 0.147941 0.182540 0.125744 0.302910
0 0.387525 0.320271 0.094494 0.194114
2 0.403894 0.285549 0.128720 0.327712
1 0.415551 0.319114 0.152034 0.394841
0 0.016617 0.468915 0.032738 0.105820
2 0.021453 0.496197 0.040923 0.155754
0 0.667907 0.091435 0.061508 0.182209
0 0.629092 0.041667 0.012649 0.074735
2 0.642733 0.051257 0.038442 0.095899
2 0.627480 0.133598 0.142361 0.266534
1 0.034226 0.516534 0.067956 0.198413
0 0.473214 0.733466 0.035218 0.060847
2 0.464658 0.746362 0.072669 0.086640
2 0.481523 0.741071 0.106399 0.137566
0 0.696677 0.618882 0.058532 0.079034
2 0.680308 0.639054 0.092758 0.119378
0 0.954613 0.210317 0.090774 0.091931
2 0.884549 0.209160 0.230903 0.383929
