0 0.374256 0.371032 0.025298 0.208995
2 0.380704 0.364253 0.039683 0.222553
1 0.354911 0.388062 0.092262 0.268188
0 0.444816 0.253803 0.014137 0.070437
2 0.434400 0.256944 0.034970 0.078704
0 0.466146 0.026620 0.013641 0.052579
2 0.470982 0.037533 0.050595 0.073743
0 0.878348 0.287202 0.023562 0.098214
2 0.866815 0.301257 0.046627 0.126323
0 0.564856 0.745536 0.016121 0.077050
2 0.565228 0.732639 0.034226 0.110780
0 0.883929 0.068783 0.017361 0.058862
2 0.882192 0.083168 0.037698 0.086971
0 0.643725 0.661045 0.012153 0.062831
2 0.655134 0.657242 0.036458 0.072421
0 0.948909 0.536541 0.026290 0.071098
2 0.952877 0.544974 0.033730 0.087963
1 0.942584 0.550430 0.054315 0.096230
0 0.005084 0.340112 0.009673 0.053241
2 0.014757 0.349041 0.028522 0.069114
0 0.106151 0.637566 0.009425 0.056878
2 0.100198 0.644015 0.021329 0.069775
