0 0.600490 0.265931 0.039828 0.289216
2 0.645527 0.213440 0.128676 0.422794
1 0.586244 0.284314 0.252145 0.562908
0 0.083027 0.809845 0.058824 0.038807
2 0.093750 0.755719 0.077206 0.151144
0 0.113664 0.683619 0.064951 0.050245
2 0.126379 0.633578 0.096507 0.162582
0 0.388327 0.038194 0.022978 0.039624
2 0.408854 0.038603 0.065870 0.067402
1 0.382966 0.037377 0.113358 0.073938
0 0.185662 0.482026 0.045343 0.036765
2 0.187194 0.437092 0.055760 0.130719
0 0.781863 0.462418 0.020221 0.078431
2 0.762868 0.471609 0.056373 0.094363
1 0.792739 0.488971 0.117341 0.131536
0 0.945619 0.462623 0.011336 0.014297
2 0.937653 0.470792 0.029718 0.035539
1 0.933824 0.461193 0.039828 0.056373
0 0.821998 0.417484 0.020221 0.013072
2 0.849877 0.406658 0.079044 0.040441
1 0.845282 0.381536 0.085172 0.102941
