0 0.594669 0.593137 0.247549 0.114379
2 0.630974 0.478350 0.329350 0.334150
1 0.554841 0.556985 0.492647 0.484886
0 0.490043 0.192402 0.059743 0.086601
2 0.524663 0.206904 0.130208 0.123775
1 0.497396 0.223039 0.184743 0.147876
0 0.773131 0.448121 0.041973 0.036765
2 0.776654 0.419730 0.061275 0.100082
0 0.870864 0.714052 0.041360 0.021242
2 0.865809 0.694444 0.055760 0.058007
0 0.905790 0.676879 0.053002 0.028595
2 0.897059 0.643791 0.076593 0.098039
1 0.861366 0.651144 0.152267 0.111928
0 0.878983 0.775123 0.075980 0.046160
2 0.901808 0.760212 0.124694 0.069444
