0 0.605852 0.360498 0.160846 0.304330
2 0.558670 0.338848 0.247243 0.463644
1 0.580116 0.459559 0.304228 0.714869
0 0.950827 0.687092 0.065257 0.036765
2 0.917126 0.584150 0.133885 0.245098
1 0.924786 0.615196 0.149203 0.313725
0 0.045190 0.393587 0.065870 0.072304
2 0.043658 0.397263 0.084252 0.104167
1 0.102175 0.347222 0.201287 0.191993
0 0.089154 0.074959 0.026961 0.127859
2 0.051164 0.073325 0.101103 0.128676
1 0.075674 0.095792 0.147059 0.185866
0 0.954657 0.027778 0.014706 0.053922
2 0.963848 0.048203 0.045343 0.093137
1 0.945772 0.049020 0.072917 0.096405
0 0.700674 0.222018 0.017157 0.069036
2 0.677083 0.229575 0.061275 0.081699
1 0.708793 0.202819 0.117341 0.133578
