0 0.154390 0.151620 0.094990 0.302579
2 0.189856 0.167659 0.166419 0.332672
0 0.103919 0.112765 0.026290 0.118386
2 0.083457 0.128803 0.068700 0.152447
1 0.091022 0.145337 0.082341 0.185516
0 0.114583 0.453704 0.048115 0.162037
0 0.395957 0.417328 0.034474 0.264550
2 0.410714 0.414021 0.063988 0.330688
1 0.358259 0.450231 0.170387 0.403108
0 0.884797 0.869544 0.077629 0.093585
2 0.872768 0.835483 0.101687 0.164352
0 0.919891 0.465774 0.045635 0.096892
2 0.933532 0.482308 0.074405 0.127976
0 0.733507 0.661541 0.047371 0.057870
