0 0.563521 0.289675 0.180147 0.144301
2 0.521446 0.464154 0.278186 0.488971
1 0.413194 0.542739 0.502042 0.650429
0 0.914011 0.826440 0.033088 0.031556
2 0.894199 0.801164 0.072712 0.101716
0 0.085989 0.502757 0.020016 0.028186
2 0.067402 0.499540 0.046569 0.035846
1 0.081087 0.493566 0.064134 0.037377
0 0.218342 0.466146 0.053513 0.035233
2 0.199346 0.460784 0.080065 0.072917
1 0.205065 0.478707 0.088235 0.112439
0 0.350490 0.397059 0.027778 0.037990
2 0.361315 0.399357 0.051062 0.048713
1 0.344771 0.410539 0.087418 0.069853
0 0.294322 0.368107 0.029820 0.047488
2 0.280025 0.360141 0.053513 0.071998
1 0.262868 0.371630 0.092729 0.094975
0 0.422590 0.384804 0.045343 0.025735
2 0.421364 0.369638 0.053513 0.060355
1 0.426675 0.386489 0.063317 0.092831
