0 0.533395 0.581495 0.046569 0.043709
2 0.571232 0.534109 0.114890 0.161356
1 0.569853 0.667892 0.147059 0.424837
0 0.104167 0.868464 0.024510 0.078431
2 0.112132 0.841503 0.055760 0.138889
1 0.072763 0.882353 0.130208 0.216503
0 0.528799 0.966708 0.043505 0.066585
2 0.553309 0.960784 0.106618 0.073529
1 0.541054 0.926675 0.134191 0.140114
0 0.940411 0.514093 0.041360 0.039624
2 0.959252 0.530433 0.080270 0.072304
1 0.923254 0.438521 0.152267 0.252042
0 0.102941 0.570670 0.024510 0.038399
2 0.103554 0.553105 0.030637 0.066993
1 0.072610 0.558415 0.088848 0.067810
