0 0.128968 0.066964 0.030258 0.133267
2 0.115079 0.083829 0.077381 0.161045
1 0.140377 0.111607 0.127976 0.218585
0 0.695188 0.886574 0.024802 0.138889
2 0.691592 0.888228 0.068700 0.184524
0 0.545883 0.160218 0.043155 0.192130
2 0.567088 0.169808 0.082589 0.211310
1 0.577133 0.198082 0.104167 0.269841
0 0.868676 0.372354 0.058284 0.187831
2 0.847966 0.387401 0.101687 0.215278
0 0.836682 0.760747 0.035962 0.100198
0 0.499504 0.408069 0.035218 0.355159
2 0.471106 0.437500 0.089038 0.416005
1 0.499876 0.481151 0.146577 0.499339
