0 0.448070 0.382966 0.099571 0.202206
2 0.492800 0.261642 0.187806 0.511029
1 0.434130 0.353962 0.309436 0.707108
0 0.078431 0.423203 0.031250 0.062092
2 0.103707 0.434436 0.080576 0.084559
1 0.074295 0.417484 0.145527 0.122549
0 0.079350 0.690768 0.014093 0.028595
2 0.080576 0.676879 0.039828 0.053105
1 0.071691 0.741422 0.067402 0.175654
0 0.174939 0.678513 0.114583 0.079248
2 0.223346 0.649918 0.208946 0.160948
1 0.223652 0.723039 0.210784 0.308824
0 0.375919 0.966912 0.048407 0.066176
2 0.397672 0.959559 0.087010 0.077614
