0 0.693015 0.382966 0.072917 0.205474
2 0.709406 0.392974 0.107537 0.225490
0 0.713388 0.521038 0.079350 0.028186
2 0.713082 0.548407 0.081801 0.075572
0 0.280178 0.055760 0.024816 0.071487
2 0.288603 0.074959 0.039828 0.111520
1 0.278799 0.096609 0.059436 0.155637
0 0.333180 0.585784 0.011949 0.062092
0 0.529412 0.375817 0.022672 0.035948
2 0.530944 0.377859 0.031250 0.049837
1 0.523438 0.378064 0.049326 0.048611
0 0.570619 0.168505 0.018076 0.079657
2 0.573529 0.175858 0.025123 0.090278
0 0.623162 0.172794 0.014093 0.068627
2 0.631740 0.176471 0.031250 0.077614
0 0.483150 0.292892 0.011642 0.069444
2 0.479013 0.302492 0.018689 0.088644
1 0.483150 0.317198 0.026961 0.116422
0 0.609528 0.315768 0.018076 0.049837
