0 0.453891 0.281046 0.031556 0.237745
2 0.418352 0.288399 0.105086 0.252451
0 0.141085 0.425449 0.020527 0.042892
0 0.637561 0.400735 0.022059 0.073529
2 0.656863 0.404616 0.063725 0.087010
0 0.877911 0.055760 0.042586 0.105801
0 0.591299 0.146242 0.018995 0.066993
0 0.676011 0.580882 0.009498 0.052288
2 0.679228 0.575163 0.028186 0.070261
0 0.679228 0.823938 0.044118 0.040033
0 0.075061 0.808619 0.031250 0.057598
2 0.079044 0.796773 0.039216 0.083742
0 0.949908 0.419118 0.015012 0.053105
0 0.826593 0.221201 0.030637 0.103350
0 0.772978 0.469975 0.019608 0.060866
2 0.779412 0.477328 0.036765 0.073121
