0 0.425858 0.212010 0.060866 0.170956
2 0.342116 0.188879 0.248775 0.316483
1 0.545547 0.230392 0.658905 0.405025
0 0.852737 0.486366 0.020833 0.021752
2 0.844771 0.494792 0.058007 0.040441
1 0.851307 0.464154 0.071078 0.103554
0 0.630106 0.653952 0.031454 0.028493
2 0.648489 0.642616 0.068219 0.057292
1 0.606413 0.662837 0.147467 0.094056
0 0.676062 0.937960 0.102941 0.090993
2 0.622141 0.930607 0.202614 0.119792
0 0.292892 0.208180 0.034314 0.046262
2 0.299224 0.221507 0.052696 0.077206
1 0.270221 0.195925 0.113154 0.126532
