0 0.477022 0.375613 0.019608 0.165441
2 0.500153 0.380923 0.065870 0.177696
1 0.483609 0.390931 0.103860 0.196078
0 0.032169 0.255310 0.019608 0.077614
2 0.024510 0.265114 0.033701 0.097222
0 0.067096 0.768178 0.069240 0.097631
2 0.087316 0.776757 0.106005 0.117239
0 0.528799 0.798815 0.036765 0.058415
2 0.514706 0.760621 0.063725 0.134804
0 0.616728 0.882557 0.021446 0.050245
2 0.638634 0.890523 0.065257 0.066176
0 0.807292 0.317606 0.015931 0.087010
2 0.805300 0.316993 0.038297 0.119281
0 0.982537 0.715686 0.034926 0.051471
2 0.966146 0.728758 0.067708 0.081699
0 0.536612 0.071283 0.038297 0.042892
2 0.530790 0.079248 0.048713 0.060458
