0 0.121017 0.308007 0.016544 0.074346
2 0.114890 0.314951 0.030637 0.088235
0 0.060968 0.495507 0.031250 0.063725
0 0.125000 0.698938 0.055760 0.103758
2 0.138327 0.709763 0.082414 0.121324
0 0.553156 0.078023 0.026042 0.115196
2 0.539675 0.097631 0.051164 0.151961
1 0.528799 0.110090 0.077819 0.179330
0 0.461857 0.354779 0.021140 0.169526
2 0.477788 0.363562 0.057292 0.185458
1 0.465993 0.374592 0.080882 0.211601
0 0.528799 0.780025 0.030637 0.090278
2 0.517770 0.762663 0.052696 0.141340
0 0.918352 0.587214 0.065257 0.106618
2 0.901961 0.603962 0.098039 0.138480
0 0.968290 0.218137 0.050551 0.099673
2 0.956955 0.210580 0.073223 0.116422
1 0.951134 0.227328 0.087929 0.149918
0 0.764400 0.366830 0.016544 0.070261
2 0.766391 0.362541 0.034620 0.105801
0 0.625000 0.915645 0.025123 0.057598
2 0.646599 0.920752 0.063419 0.070261
0 0.804075 0.949551 0.043811 0.019199
2 0.804994 0.917688 0.045650 0.084559
0 0.812194 0.098652 0.014093 0.037990
2 0.813113 0.092729 0.023284 0.066176
0 0.854167 0.460989 0.011642 0.055964
2 0.853248 0.457108 0.023897 0.067810
0 0.863817 0.159722 0.039522 0.050654
0 0.852328 0.099265 0.052083 0.102941
