0 0.353707 0.274714 0.056679 0.198121
2 0.389400 0.296569 0.130515 0.245915
0 0.772978 0.479779 0.011642 0.060049
2 0.782169 0.496119 0.030025 0.091912
0 0.952665 0.453023 0.012561 0.062908
2 0.963235 0.468342 0.027574 0.091095
0 0.184130 0.063725 0.007966 0.049020
2 0.181066 0.061479 0.014093 0.067402
0 0.051317 0.130106 0.023591 0.082925
2 0.056526 0.140319 0.034620 0.103350
0 0.347580 0.636642 0.015012 0.045343
2 0.353554 0.646038 0.028799 0.061683
0 0.281250 0.136642 0.009804 0.048611
2 0.280484 0.135008 0.021752 0.064134
0 0.054075 0.445261 0.014400 0.036765
2 0.054841 0.445057 0.023897 0.064951
0 0.208027 0.590686 0.022672 0.027778
2 0.213082 0.588440 0.032782 0.051062
0 0.156863 0.920343 0.012868 0.037582
1 0.168199 0.924020 0.035539 0.042484
0 0.188572 0.464052 0.015625 0.052288
2 0.185968 0.471814 0.031863 0.066176
0 0.352788 0.083946 0.019914 0.056781
0 0.499694 0.140319 0.014706 0.032271
0 0.469669 0.094771 0.014706 0.040033
