0 0.057912 0.946263 0.036954 0.106812
2 0.068700 0.932044 0.061508 0.133267
0 0.507812 0.358631 0.035962 0.223876
2 0.492684 0.384259 0.063244 0.275132
0 0.520833 0.063657 0.032738 0.126653
2 0.526290 0.087136 0.048611 0.169643
1 0.500372 0.110119 0.103919 0.217593
0 0.339534 0.366567 0.015873 0.086310
2 0.337922 0.366071 0.039931 0.140873
1 0.335938 0.384755 0.058284 0.178241
0 0.179067 0.316964 0.047123 0.104828
2 0.161458 0.334160 0.080853 0.136574
0 0.091890 0.531415 0.028026 0.091931
2 0.075893 0.541501 0.058532 0.114087
0 0.392237 0.245536 0.017609 0.147156
2 0.397073 0.248677 0.028770 0.153439
0 0.099082 0.661045 0.016617 0.088624
2 0.085441 0.666336 0.043899 0.097222
0 0.687872 0.040840 0.028026 0.081019
