0 0.019914 0.067198 0.026961 0.130310
2 0.024357 0.091708 0.047488 0.177696
1 0.034620 0.132353 0.068015 0.258987
0 0.093597 0.370302 0.029105 0.164624
0 0.335325 0.119077 0.015012 0.146650
2 0.331189 0.118464 0.037990 0.218954
1 0.347580 0.149306 0.072610 0.284722
0 0.033701 0.611724 0.026348 0.085376
2 0.040594 0.619077 0.039522 0.097631
2 0.093903 0.388276 0.048100 0.202206
0 0.515319 0.220792 0.063113 0.415441
2 0.479626 0.252655 0.134498 0.479167
1 0.507659 0.293096 0.190564 0.564134
0 0.975337 0.372141 0.022978 0.106209
2 0.965227 0.414011 0.045037 0.190768
