0 0.006740 0.223856 0.012868 0.116013
2 0.009038 0.242443 0.017463 0.150735
1 0.026654 0.248162 0.052696 0.214461
0 0.057751 0.055964 0.013174 0.032680
2 0.054228 0.046773 0.027574 0.077206
1 0.063266 0.055760 0.045650 0.095997
0 0.333027 0.142157 0.031863 0.237745
2 0.358609 0.164011 0.081189 0.283088
1 0.353094 0.202410 0.090993 0.357435
0 0.614430 0.428717 0.016850 0.082925
2 0.625153 0.429739 0.038297 0.113562
0 0.475184 0.534722 0.021446 0.064542
2 0.483609 0.537582 0.038297 0.102941
0 0.588848 0.584763 0.047181 0.024918
2 0.590686 0.594363 0.053309 0.045752
0 0.330116 0.483456 0.007659 0.050245
2 0.330116 0.483864 0.021752 0.065768
0 0.204810 0.699142 0.011949 0.042892
2 0.203125 0.696895 0.028186 0.062908
0 0.152114 0.949551 0.017463 0.035539
2 0.160846 0.915033 0.035539 0.103758
