0 0.208333 0.504902 0.063725 0.126634
2 0.224724 0.525327 0.099571 0.167484
1 0.235754 0.553717 0.120404 0.225899
0 0.371630 0.656250 0.071691 0.035539
2 0.374694 0.671160 0.091912 0.062908
0 0.500153 0.337418 0.043811 0.164216
2 0.518842 0.334355 0.082414 0.213644
0 0.978860 0.206495 0.041667 0.313317
0 0.138327 0.218546 0.014400 0.068627
2 0.146906 0.218750 0.029718 0.070670
0 0.352788 0.192606 0.039522 0.220180
2 0.332261 0.227124 0.080576 0.289216
1 0.338695 0.267974 0.096507 0.375000
0 0.723192 0.202614 0.035846 0.104575
2 0.722273 0.207721 0.046262 0.140114
0 0.607843 0.511029 0.023897 0.098039
2 0.601716 0.510008 0.034926 0.097631
1 0.607843 0.520833 0.044730 0.113562
0 0.537071 0.145629 0.016544 0.089461
2 0.526501 0.154412 0.035846 0.120098
1 0.543811 0.165033 0.067402 0.140523
