0 0.207261 0.379085 0.078738 0.188725
2 0.226256 0.390931 0.115502 0.256536
1 0.225184 0.432802 0.117647 0.344363
0 0.638480 0.250613 0.047181 0.380310
2 0.659161 0.258987 0.088542 0.397059
1 0.646293 0.311683 0.117953 0.500817
0 0.325214 0.156250 0.018076 0.120507
2 0.310355 0.165237 0.047794 0.136029
1 0.330423 0.184028 0.090993 0.173611
0 0.396752 0.574142 0.022672 0.118056
0 0.553156 0.229575 0.032169 0.114379
2 0.553922 0.230596 0.049632 0.143382
0 0.797794 0.048203 0.039216 0.089052
2 0.791513 0.060458 0.054841 0.111111
0 0.937960 0.072712 0.029105 0.101307
2 0.954963 0.087623 0.061275 0.134395
0 0.914062 0.078023 0.068934 0.155229
