0 0.221661 0.424837 0.074449 0.186275
2 0.237286 0.428513 0.107537 0.244281
1 0.237286 0.477737 0.107537 0.342729
0 0.333640 0.206495 0.022059 0.124592
2 0.319087 0.211193 0.049326 0.156863
1 0.338695 0.224265 0.088542 0.185458
0 0.404259 0.603554 0.025429 0.113971
2 0.395221 0.604984 0.046569 0.115196
0 0.551624 0.273693 0.026042 0.103758
2 0.553922 0.264093 0.041667 0.120507
0 0.789982 0.084355 0.045650 0.098448
2 0.784773 0.095384 0.057292 0.120507
0 0.641850 0.280433 0.049632 0.347631
2 0.661918 0.299224 0.089767 0.383578
1 0.647825 0.349469 0.119179 0.488154
0 0.902574 0.064542 0.049632 0.128268
2 0.906250 0.103350 0.091299 0.203431
0 0.928156 0.110703 0.026654 0.093954
2 0.945159 0.132149 0.061887 0.135212
