0 0.417586 0.340686 0.080270 0.263072
2 0.445772 0.345792 0.136642 0.321487
1 0.446691 0.429126 0.136642 0.484069
0 0.092678 0.119077 0.076900 0.237337
2 0.065411 0.173407 0.129596 0.339461
0 0.086857 0.859886 0.065870 0.044935
2 0.103860 0.873162 0.139093 0.110703
0 0.502604 0.065155 0.039522 0.129493
2 0.489890 0.094567 0.069240 0.187500
1 0.505668 0.122345 0.102022 0.243056
0 0.747549 0.193015 0.045343 0.135212
2 0.748009 0.195670 0.065257 0.163399
0 0.596354 0.608864 0.032169 0.105801
2 0.588082 0.609273 0.053615 0.106618
1 0.593597 0.629698 0.064645 0.141748
0 0.856311 0.438317 0.044730 0.081699
0 0.902727 0.743260 0.021140 0.109069
2 0.890625 0.748570 0.069240 0.117239
