0 0.384651 0.282884 0.051777 0.235703
2 0.405025 0.310253 0.092525 0.294526
1 0.390472 0.362132 0.123468 0.395833
0 0.505974 0.277574 0.018076 0.206291
2 0.492953 0.274714 0.044118 0.302696
1 0.532322 0.305147 0.121017 0.367647
0 0.304841 0.191789 0.019608 0.124592
2 0.294577 0.200776 0.040135 0.138480
0 0.121783 0.857026 0.037071 0.111928
2 0.114124 0.844363 0.054228 0.141340
0 0.770374 0.217525 0.012561 0.131127
2 0.781250 0.224673 0.034314 0.158497
0 0.457721 0.700776 0.026348 0.096814
2 0.444853 0.716912 0.054534 0.129085
0 0.268536 0.628881 0.014400 0.063317
2 0.258885 0.636438 0.032475 0.081699
