0 0.067249 0.697917 0.026042 0.130310
2 0.059283 0.705474 0.041360 0.146242
1 0.051624 0.734069 0.055453 0.202614
0 0.067096 0.275940 0.019608 0.090278
2 0.064185 0.278391 0.037684 0.131944
1 0.079657 0.299020 0.068015 0.170752
0 0.013480 0.462418 0.011029 0.065359
2 0.009804 0.466095 0.017770 0.072712
0 0.226103 0.139093 0.064338 0.141748
2 0.233303 0.149714 0.079350 0.164624
0 0.393382 0.340074 0.028186 0.281454
2 0.372702 0.357639 0.069547 0.317402
1 0.421109 0.378881 0.166360 0.363154
0 0.457108 0.615400 0.026961 0.066585
2 0.468750 0.581087 0.051471 0.134395
0 0.462469 0.743260 0.018076 0.047794
2 0.471048 0.739992 0.036458 0.059232
0 0.457874 0.824551 0.026654 0.061683
2 0.447304 0.817606 0.046569 0.077206
0 0.257966 0.922181 0.013480 0.058415
2 0.257200 0.921569 0.029718 0.083333
1 0.257200 0.938521 0.031556 0.117239
0 0.569087 0.956291 0.023591 0.032680
2 0.566023 0.948121 0.029718 0.045752
0 0.579044 0.320261 0.019608 0.112745
2 0.589614 0.331699 0.042586 0.133170
1 0.579350 0.340482 0.064338 0.154003
