0 0.419271 0.168301 0.037684 0.218137
2 0.412837 0.164624 0.073836 0.277778
1 0.450674 0.208742 0.147672 0.363562
0 0.309589 0.221201 0.027267 0.076389
2 0.320619 0.213235 0.049326 0.104575
1 0.307138 0.221814 0.076287 0.119281
0 0.397518 0.551675 0.026042 0.075572
2 0.391697 0.546364 0.059743 0.109069
0 0.607690 0.701389 0.048713 0.071078
2 0.620711 0.720180 0.072917 0.115196
0 0.863817 0.078227 0.043811 0.121324
2 0.855545 0.083333 0.062194 0.129902
1 0.862592 0.091708 0.074449 0.150735
0 0.942862 0.652165 0.114277 0.090278
