0 0.255974 0.254289 0.090380 0.305964
2 0.266850 0.265727 0.111520 0.324755
1 0.311121 0.275531 0.195772 0.350899
0 0.481311 0.101920 0.028186 0.172794
2 0.501685 0.112745 0.067708 0.192810
1 0.493413 0.141136 0.084252 0.251225
0 0.476562 0.369281 0.020527 0.111111
2 0.490656 0.368873 0.045650 0.111928
0 0.873468 0.463235 0.028799 0.089869
2 0.866575 0.456904 0.045037 0.137663
0 0.876532 0.395221 0.025123 0.051062
2 0.865349 0.432190 0.073836 0.125000
0 0.768689 0.258987 0.041667 0.053105
2 0.761336 0.276757 0.056985 0.087827
0 0.731311 0.202206 0.025735 0.065359
2 0.721354 0.232026 0.044424 0.125000
0 0.785692 0.049837 0.050551 0.098856
2 0.786152 0.068423 0.065564 0.134395
1 0.775582 0.094158 0.086703 0.184232
0 0.895067 0.114992 0.025429 0.055964
2 0.898284 0.135417 0.031863 0.098448
0 0.725490 0.029616 0.029412 0.058415
2 0.717678 0.040850 0.043811 0.077614
