0 0.484835 0.155842 0.034620 0.158905
2 0.506434 0.167279 0.080270 0.180147
1 0.495404 0.191176 0.106618 0.226307
0 0.303002 0.332721 0.064338 0.232435
2 0.311581 0.344363 0.094363 0.255719
1 0.347733 0.367239 0.167892 0.301471
0 0.479320 0.398693 0.022978 0.107026
2 0.496170 0.398693 0.054841 0.111111
0 0.860294 0.497753 0.021446 0.080474
2 0.854779 0.494077 0.052696 0.131944
0 0.725337 0.050041 0.038297 0.098448
2 0.716912 0.061479 0.056373 0.119690
0 0.725184 0.275735 0.024510 0.093137
2 0.712623 0.290237 0.047794 0.120507
0 0.778186 0.099673 0.044118 0.070261
2 0.782935 0.122753 0.051777 0.113971
1 0.766085 0.155229 0.087316 0.174837
