0 0.446538 0.393382 0.079350 0.213235
2 0.392463 0.422181 0.186275 0.270016
1 0.410386 0.431781 0.222120 0.291667
0 0.200980 0.679534 0.030637 0.095997
2 0.193934 0.691993 0.079044 0.120098
0 0.362286 0.693015 0.018076 0.060049
2 0.394455 0.706904 0.083027 0.140931
1 0.384191 0.716708 0.104167 0.160539
0 0.556373 0.176675 0.015319 0.092729
2 0.548560 0.177083 0.030331 0.092729
0 0.755974 0.165645 0.019301 0.083742
2 0.748009 0.184232 0.056066 0.119281
0 0.948223 0.573325 0.034926 0.066585
2 0.964920 0.572917 0.070159 0.067402
0 0.729626 0.360703 0.041973 0.047386
0 0.893229 0.162377 0.018689 0.037990
2 0.892923 0.183824 0.039522 0.079248
