0 0.099571 0.112541 0.020221 0.119690
2 0.076900 0.122753 0.064951 0.137663
0 0.054534 0.244281 0.031863 0.127451
2 0.058670 0.270016 0.058517 0.178922
1 0.058058 0.283905 0.058517 0.210784
0 0.201287 0.053513 0.041667 0.106209
2 0.180147 0.083333 0.084559 0.162582
0 0.240349 0.103758 0.040135 0.135621
2 0.267310 0.113971 0.092831 0.180556
0 0.233456 0.454044 0.019608 0.097631
2 0.233150 0.473856 0.057598 0.134804
1 0.236979 0.488562 0.066483 0.162582
0 0.424786 0.045139 0.047488 0.089461
2 0.457414 0.103145 0.111520 0.204657
0 0.384191 0.359886 0.054534 0.191176
2 0.408088 0.375408 0.104167 0.267157
1 0.395374 0.430964 0.127757 0.377451
0 0.609835 0.059436 0.015625 0.082925
2 0.620711 0.065359 0.037377 0.094771
1 0.605852 0.070874 0.067096 0.107435
0 0.657629 0.094771 0.026042 0.081699
2 0.664675 0.119077 0.041973 0.130310
0 0.689491 0.359069 0.023591 0.116013
2 0.702206 0.377247 0.051471 0.152369
1 0.689798 0.398080 0.078738 0.192402
0 0.640012 0.381332 0.055147 0.134395
2 0.655331 0.356209 0.123162 0.306373
1 0.610907 0.371119 0.209559 0.333742
