0 0.286918 0.185458 0.054228 0.178922
2 0.297947 0.154616 0.079350 0.261846
1 0.319393 0.219567 0.124081 0.391748
0 0.629289 0.212827 0.050858 0.263072
2 0.614737 0.221201 0.079963 0.281454
1 0.615196 0.261642 0.083946 0.362337
0 0.138021 0.214869 0.026654 0.126634
2 0.119485 0.225286 0.064951 0.149918
0 0.066942 0.929943 0.040135 0.131944
2 0.071998 0.901552 0.081495 0.196895
0 0.563725 0.656250 0.042279 0.142565
0 0.546415 0.725490 0.017463 0.088235
2 0.540901 0.733864 0.059743 0.104984
0 0.983303 0.281863 0.033395 0.122549
2 0.977941 0.318015 0.044118 0.198938
