0 0.214614 0.154208 0.021752 0.084559
2 0.200521 0.154412 0.050551 0.117647
1 0.209252 0.175245 0.066176 0.159314
0 0.229013 0.049837 0.010110 0.066993
0 0.078278 0.207925 0.013787 0.078431
2 0.063879 0.223243 0.043199 0.105801
1 0.074295 0.240809 0.064032 0.133578
0 0.442555 0.127247 0.012561 0.078840
2 0.434436 0.129698 0.028799 0.084559
0 0.412224 0.272467 0.017463 0.122549
2 0.414369 0.280229 0.054228 0.207516
1 0.424020 0.325368 0.075980 0.296977
0 0.903646 0.043913 0.033395 0.079657
2 0.890472 0.082108 0.079963 0.154412
0 0.859375 0.085172 0.030637 0.127859
