0 0.956189 0.707721 0.044730 0.113154
2 0.963388 0.733864 0.073223 0.165441
1 0.941942 0.743464 0.115502 0.182190
0 0.964461 0.373979 0.071078 0.120507
2 0.940564 0.383374 0.118873 0.206291
0 0.730545 0.894812 0.026042 0.102533
0 0.421109 0.285131 0.049326 0.367647
2 0.383885 0.311275 0.119485 0.419935
1 0.415594 0.358864 0.179841 0.517565
0 0.506281 0.662173 0.015625 0.216503
2 0.486826 0.660539 0.075368 0.274510
1 0.507966 0.698325 0.117647 0.350082
0 0.560968 0.104371 0.027574 0.171977
2 0.563419 0.121528 0.066789 0.202206
1 0.556679 0.197712 0.075368 0.356209
