0 0.395221 0.293913 0.058824 0.270016
2 0.418352 0.281454 0.103860 0.379085
1 0.358762 0.335784 0.223039 0.486111
0 0.027420 0.129698 0.026654 0.136029
2 0.022825 0.147876 0.040135 0.174837
0 0.385723 0.749592 0.044730 0.148693
2 0.395680 0.736111 0.062806 0.178105
1 0.361520 0.772672 0.131127 0.249592
0 0.496936 0.860703 0.039216 0.037582
2 0.497702 0.873162 0.040748 0.058415
0 0.515319 0.553105 0.030637 0.070261
2 0.516697 0.531658 0.034620 0.117239
0 0.654718 0.682598 0.025123 0.060458
2 0.660692 0.668913 0.035233 0.106618
1 0.666667 0.699346 0.045343 0.160948
0 0.829963 0.017770 0.012868 0.034722
2 0.823376 0.028799 0.026042 0.050245
1 0.843903 0.044118 0.068321 0.078431
