0 0.479779 0.357435 0.055760 0.317810
2 0.506281 0.360294 0.109375 0.349673
1 0.475797 0.405025 0.170343 0.441585
0 0.434436 0.045547 0.028799 0.090278
2 0.440870 0.056781 0.041054 0.111111
1 0.437500 0.081699 0.050858 0.157680
0 0.417586 0.078227 0.027574 0.144199
2 0.400276 0.112949 0.062806 0.212010
0 0.376991 0.271446 0.021140 0.118873
2 0.375460 0.272467 0.053615 0.160131
1 0.370404 0.297998 0.062500 0.211193
0 0.929075 0.372753 0.141850 0.320670
2 0.883885 0.399510 0.232230 0.372549
0 0.889553 0.138480 0.220895 0.271242
