0 0.765625 0.082108 0.038603 0.163399
2 0.752145 0.101103 0.065564 0.200572
0 0.869485 0.235090 0.010417 0.057598
2 0.870251 0.225286 0.025429 0.107435
1 0.873775 0.243668 0.033701 0.148284
0 0.595588 0.381127 0.096201 0.234477
2 0.571078 0.412377 0.145833 0.296977
1 0.535846 0.435253 0.216299 0.342729
0 0.832721 0.647263 0.061275 0.116422
2 0.814185 0.656658 0.098958 0.133578
0 0.155178 0.091299 0.061581 0.166258
2 0.167433 0.101511 0.084252 0.198938
0 0.231311 0.236520 0.022059 0.164216
0 0.271752 0.362745 0.020833 0.143791
2 0.284314 0.343137 0.044730 0.182190
1 0.266850 0.351920 0.081495 0.197304
0 0.180453 0.320466 0.023897 0.113971
2 0.179994 0.318219 0.049326 0.126634
1 0.180913 0.341095 0.048713 0.168301
0 0.143995 0.432394 0.089461 0.238971
2 0.162531 0.451797 0.125306 0.281863
1 0.152880 0.481209 0.162990 0.340686
0 0.358762 0.198734 0.155025 0.387663
