0 0.811887 0.147467 0.089461 0.293301
2 0.778186 0.183415 0.158701 0.361111
1 0.827972 0.283497 0.260110 0.553105
0 0.819547 0.619281 0.142157 0.294118
2 0.786458 0.645425 0.212623 0.342320
0 0.816330 0.958538 0.035233 0.065768
2 0.826900 0.949551 0.058211 0.098448
0 0.460784 0.605596 0.031250 0.261029
2 0.477788 0.614583 0.096507 0.276552
1 0.461550 0.684028 0.128983 0.421977
0 0.350950 0.377247 0.023591 0.183415
2 0.360754 0.380310 0.043199 0.212418
0 0.304075 0.443219 0.034007 0.200163
2 0.290748 0.466708 0.061887 0.243056
0 0.372089 0.650940 0.046875 0.120507
2 0.374847 0.660131 0.073223 0.193627
1 0.355086 0.684641 0.110907 0.238562
0 0.248315 0.537990 0.027267 0.129902
2 0.236979 0.557394 0.048713 0.170343
0 0.231311 0.623775 0.025123 0.115196
2 0.227482 0.620711 0.053615 0.140114
1 0.226409 0.649101 0.052696 0.196895
0 0.126532 0.752859 0.013480 0.085784
2 0.117494 0.774918 0.029718 0.129902
