0 0.490809 0.300041 0.025123 0.161356
2 0.482077 0.272467 0.040748 0.290033
0 0.378676 0.271855 0.016544 0.060866
2 0.375613 0.244894 0.024510 0.117239
1 0.352328 0.261029 0.069240 0.147876
0 0.731464 0.271446 0.016238 0.045343
2 0.726409 0.294935 0.044118 0.089869
0 0.792433 0.376225 0.023591 0.049020
2 0.795956 0.382557 0.030637 0.065768
0 0.511489 0.489788 0.040135 0.077614
2 0.506740 0.477941 0.050858 0.103758
1 0.522059 0.297181 0.116422 0.337010
0 0.080270 0.722835 0.024510 0.028186
2 0.088848 0.730801 0.041667 0.052288
0 0.882966 0.420752 0.019608 0.093954
