0 0.317708 0.512663 0.018995 0.108660
2 0.316789 0.492239 0.038603 0.151144
0 0.271140 0.700163 0.039828 0.125817
0 0.318321 0.673203 0.047181 0.110294
0 0.103554 0.533088 0.017770 0.051471
2 0.102175 0.541871 0.028493 0.069853
0 0.480852 0.842729 0.038297 0.102124
0 0.435815 0.525940 0.031556 0.136846
0 0.482384 0.300654 0.054228 0.374183
2 0.503523 0.325980 0.115502 0.406863
1 0.466452 0.385417 0.190257 0.523284
0 0.599724 0.488971 0.033395 0.086601
0 0.572610 0.467320 0.018995 0.106209
2 0.573529 0.468750 0.032475 0.117239
0 0.710172 0.663399 0.060049 0.125000
