0 0.382659 0.363358 0.042892 0.297794
2 0.376379 0.349265 0.128370 0.348039
1 0.419424 0.407067 0.214461 0.465278
0 0.424939 0.123366 0.017770 0.099673
2 0.412377 0.136029 0.044118 0.124183
0 0.633272 0.110703 0.030025 0.101307
2 0.625460 0.107843 0.062194 0.149510
1 0.616268 0.135621 0.083640 0.207516
0 0.485754 0.246528 0.030944 0.090278
2 0.508578 0.251430 0.075980 0.102533
0 0.774816 0.029208 0.020221 0.046977
2 0.776501 0.028595 0.040748 0.056373
0 0.883578 0.088644 0.043505 0.116013
2 0.904105 0.099265 0.084559 0.158497
0 0.916207 0.175654 0.040748 0.068627
2 0.938879 0.141544 0.110600 0.167075
1 0.923713 0.151757 0.142770 0.188317
