0 0.388940 0.299428 0.048100 0.305556
2 0.415288 0.318219 0.100184 0.361928
1 0.378217 0.350082 0.174326 0.427288
0 0.490502 0.427288 0.017770 0.095588
2 0.487745 0.414011 0.037377 0.162173
1 0.474112 0.429943 0.064032 0.192402
0 0.706495 0.335172 0.039828 0.092729
0 0.939338 0.342320 0.011029 0.074346
2 0.703891 0.325572 0.041360 0.113562
0 0.412224 0.718750 0.043199 0.084559
2 0.420037 0.731413 0.059436 0.111520
0 0.616115 0.645629 0.016544 0.047794
2 0.619026 0.644199 0.025429 0.068627
1 0.610600 0.655637 0.041054 0.093954
1 0.697610 0.318627 0.053922 0.127451
2 0.940104 0.329248 0.030331 0.102124
1 0.962776 0.345180 0.074449 0.138889
0 0.779412 0.805964 0.044118 0.091503
2 0.785846 0.797590 0.056985 0.108252
0 0.795343 0.864788 0.020833 0.051471
