0 0.431373 0.394608 0.049632 0.205065
2 0.405484 0.406658 0.101409 0.229167
1 0.455270 0.420752 0.202819 0.259804
0 0.593903 0.126225 0.129596 0.245098
2 0.585784 0.177288 0.144608 0.344771
0 0.601869 0.731413 0.040135 0.072304
2 0.586091 0.742239 0.071691 0.093954
0 0.734222 0.749592 0.042586 0.029412
2 0.740502 0.741626 0.053309 0.053513
0 0.537837 0.958538 0.031556 0.061683
2 0.528033 0.944036 0.073223 0.093137
0 0.347580 0.037377 0.062806 0.071487
2 0.342065 0.057394 0.073836 0.113154
0 0.123775 0.626021 0.147672 0.422794
2 0.104473 0.578840 0.189338 0.575980
1 0.142157 0.641748 0.264706 0.708333
