0 0.450674 0.441381 0.028186 0.139297
2 0.437960 0.410743 0.051777 0.256944
1 0.473499 0.424020 0.124081 0.326797
0 0.056985 0.062092 0.067402 0.122549
0 0.093444 0.407680 0.019608 0.044935
2 0.089308 0.392974 0.045650 0.084967
1 0.108456 0.407067 0.080882 0.109069
0 0.774969 0.431577 0.076900 0.105801
2 0.784926 0.423407 0.094975 0.124592
1 0.758119 0.423203 0.146752 0.151961
0 0.186275 0.837623 0.057598 0.153186
2 0.194547 0.806577 0.072304 0.216912
0 0.452972 0.982230 0.079963 0.035539
2 0.448223 0.921977 0.105392 0.156046
