0 0.774357 0.041462 0.034620 0.082108
2 0.804075 0.073121 0.094056 0.144608
0 0.357077 0.551675 0.026654 0.140114
2 0.385417 0.565155 0.081495 0.169526
0 0.532322 0.419730 0.075674 0.127859
2 0.541820 0.422794 0.092831 0.245098
1 0.504442 0.441585 0.167586 0.282680
0 0.819393 0.375204 0.118566 0.227533
2 0.804994 0.383578 0.146140 0.311275
0 0.969210 0.809845 0.061581 0.046977
2 0.962163 0.837623 0.075674 0.104984
1 0.936887 0.809845 0.125613 0.166258
0 0.040594 0.916667 0.040748 0.103758
2 0.032322 0.929330 0.062194 0.126634
