0 0.216912 0.250408 0.041667 0.178922
2 0.227482 0.229575 0.062806 0.267157
1 0.195619 0.250408 0.182904 0.308824
0 0.369332 0.466299 0.040135 0.220997
2 0.385723 0.472018 0.072917 0.232435
1 0.358303 0.495507 0.131434 0.281863
0 0.579350 0.638072 0.047181 0.099673
2 0.562653 0.643382 0.082414 0.130719
1 0.606158 0.626021 0.171262 0.186683
0 0.692555 0.355188 0.040748 0.022467
2 0.696538 0.352124 0.048713 0.049837
1 0.681832 0.361315 0.079350 0.068219
0 0.919118 0.575980 0.050245 0.080882
2 0.899510 0.579453 0.090686 0.117239
0 0.780331 0.406454 0.036152 0.041667
2 0.775888 0.393587 0.043811 0.067402
0 0.912224 0.237132 0.054841 0.058415
2 0.903186 0.267157 0.072917 0.118464
0 0.856464 0.573734 0.015012 0.057598
2 0.850643 0.569853 0.029105 0.068627
