0 0.375613 0.379289 0.035539 0.336193
2 0.375153 0.395629 0.095895 0.370507
1 0.387868 0.457516 0.119485 0.494281
0 0.357077 0.614583 0.037684 0.123775
0 0.511183 0.042484 0.045650 0.084150
2 0.503676 0.081291 0.060662 0.156863
0 0.610907 0.300654 0.042279 0.208333
2 0.597886 0.292892 0.099571 0.282680
1 0.603094 0.337418 0.154105 0.370098
0 0.577819 0.643791 0.067402 0.169935
2 0.569700 0.703431 0.126532 0.286765
1 0.546875 0.742239 0.175245 0.362745
0 0.965074 0.389297 0.022059 0.096405
2 0.962010 0.377859 0.042279 0.129902
1 0.962010 0.408701 0.039216 0.187500
