0 0.226716 0.301062 0.030637 0.088235
2 0.236520 0.308619 0.050245 0.127859
0 0.385417 0.259600 0.020221 0.105801
2 0.385723 0.257149 0.044730 0.142565
0 0.469210 0.239379 0.012561 0.067810
2 0.483762 0.251634 0.040441 0.091503
0 0.543045 0.237745 0.018689 0.133170
2 0.544730 0.244485 0.056373 0.157271
1 0.533548 0.287173 0.079350 0.241830
0 0.074755 0.475082 0.008578 0.053922
2 0.072917 0.479575 0.020833 0.066176
1 0.076593 0.492034 0.028799 0.091095
0 0.554381 0.584150 0.006434 0.035948
2 0.555760 0.580474 0.018995 0.058824
