0 0.035233 0.246528 0.018995 0.069853
2 0.031097 0.256332 0.026042 0.088644
0 0.079963 0.501634 0.027574 0.066176
2 0.085478 0.510621 0.038603 0.085784
0 0.077972 0.555964 0.013787 0.066176
2 0.069240 0.564747 0.031250 0.082108
1 0.084252 0.563725 0.060049 0.090686
0 0.509344 0.303105 0.029105 0.193627
2 0.532935 0.315768 0.074449 0.220588
1 0.488358 0.343750 0.164828 0.276552
0 0.363971 0.455678 0.041054 0.226716
2 0.345741 0.468137 0.079963 0.251634
0 0.263021 0.194649 0.011949 0.051062
2 0.258425 0.199755 0.022365 0.060458
0 0.316942 0.306781 0.011949 0.062908
2 0.321385 0.308211 0.019608 0.067402
0 0.717678 0.200776 0.014400 0.058415
2 0.716452 0.208333 0.024816 0.073529
0 0.664522 0.188930 0.009191 0.037173
2 0.659926 0.197100 0.017770 0.053513
0 0.594669 0.388685 0.007966 0.047794
2 0.595588 0.380515 0.015931 0.076389
1 0.602635 0.386438 0.029412 0.089052
0 0.626532 0.426879 0.003676 0.043301
2 0.623468 0.430964 0.015931 0.058007
0 0.681219 0.443015 0.009498 0.046160
0 0.674939 0.556168 0.014093 0.046160
2 0.669271 0.563113 0.026042 0.058415
0 0.634038 0.510008 0.019914 0.024101
2 0.628523 0.519404 0.031556 0.057598
1 0.624234 0.514706 0.040135 0.066176
0 0.560509 0.703227 0.008272 0.029820
2 0.558517 0.701797 0.018995 0.052288
1 0.555300 0.712214 0.026654 0.073121
0 0.754289 0.707312 0.010417 0.047794
2 0.750613 0.698734 0.019608 0.065768
0 0.767463 0.696283 0.009804 0.041258
0 0.797641 0.640727 0.020527 0.055964
2 0.793199 0.646038 0.045956 0.064134
0 0.532935 0.738358 0.013787 0.015931
2 0.530025 0.735703 0.020833 0.034314
1 0.534161 0.748162 0.034620 0.058415
0 0.862439 0.761846 0.010417 0.051471
2 0.869179 0.765114 0.024510 0.058824
0 0.824142 0.767565 0.020221 0.045752
0 0.751991 0.315359 0.050551 0.127451
0 0.969822 0.568015 0.023591 0.052696
2 0.969822 0.576797 0.026042 0.071078
