0 0.182751 0.262459 0.018689 0.087827
2 0.182292 0.277574 0.033701 0.120507
0 0.393689 0.243056 0.072917 0.227124
2 0.421875 0.257353 0.128064 0.253268
1 0.421875 0.286765 0.131127 0.312092
0 0.716146 0.312296 0.032782 0.101716
0 0.803002 0.350082 0.027574 0.093137
2 0.793964 0.361520 0.045650 0.114379
1 0.791820 0.370302 0.054228 0.131944
0 0.783241 0.519199 0.079350 0.060458
0 0.632812 0.414420 0.023591 0.098448
0 0.626072 0.639706 0.018076 0.062908
2 0.769608 0.536969 0.103554 0.094363
1 0.761029 0.556985 0.122549 0.131944
2 0.630515 0.654412 0.023284 0.096405
1 0.621783 0.657884 0.040748 0.099265
0 0.577972 0.697100 0.020527 0.098448
2 0.584252 0.704657 0.028186 0.111111
0 0.695466 0.775735 0.064338 0.073529
2 0.685049 0.788194 0.085784 0.098448
0 0.352482 0.951185 0.026654 0.097631
0 0.185355 0.883170 0.019608 0.110294
2 0.195006 0.894199 0.054228 0.136438
1 0.176011 0.909518 0.093444 0.154003
0 0.041667 0.728145 0.030637 0.108252
2 0.041820 0.762663 0.076287 0.177288
