0 0.293505 0.102328 0.025123 0.090278
2 0.288909 0.108660 0.036152 0.104575
0 0.433824 0.085376 0.055760 0.133987
2 0.430300 0.133170 0.095895 0.229575
1 0.411765 0.137459 0.137255 0.239788
0 0.800551 0.291258 0.022672 0.130719
0 0.892004 0.159518 0.015625 0.072304
2 0.893689 0.169730 0.022059 0.095180
1 0.880668 0.187296 0.051164 0.127859
0 0.490656 0.353758 0.026654 0.144608
2 0.501991 0.365605 0.051164 0.170752
1 0.479626 0.381332 0.095895 0.202206
0 0.641544 0.680351 0.018995 0.094363
2 0.645067 0.691585 0.037071 0.118464
0 0.166207 0.608252 0.056679 0.144608
2 0.172947 0.619281 0.071385 0.166667
