0 0.142616 0.360907 0.034620 0.083742
2 0.150429 0.398284 0.055147 0.164216
1 0.178462 0.443219 0.110600 0.254902
0 0.375306 0.297181 0.036152 0.188317
2 0.384498 0.297590 0.072304 0.225082
1 0.374387 0.357843 0.094363 0.348039
0 0.566023 0.234886 0.048713 0.248366
2 0.583793 0.266136 0.082414 0.325572
1 0.549326 0.299224 0.153186 0.389297
0 0.976869 0.725899 0.034620 0.135621
2 0.972733 0.712418 0.052696 0.164216
1 0.973958 0.739583 0.052083 0.220997
0 0.644914 0.234273 0.016544 0.109069
2 0.643842 0.225286 0.042586 0.145833
1 0.654871 0.247753 0.062806 0.190768
0 0.806832 0.422386 0.068321 0.062092
2 0.796262 0.405433 0.088235 0.097631
0 0.735447 0.141544 0.021140 0.099265
0 0.861826 0.150531 0.052696 0.142565
2 0.841759 0.166667 0.090993 0.170752
1 0.829657 0.204453 0.117034 0.243873
0 0.979779 0.045752 0.040441 0.085784
2 0.967218 0.064134 0.065564 0.126634
