0 0.404259 0.337010 0.076900 0.245098
2 0.392157 0.340686 0.113971 0.392974
1 0.425398 0.335784 0.179228 0.460784
0 0.149510 0.303105 0.027574 0.097222
2 0.149203 0.282884 0.055760 0.179330
0 0.090380 0.059436 0.022672 0.109069
2 0.089308 0.082925 0.065870 0.164216
1 0.089154 0.119690 0.064338 0.233660
0 0.805913 0.053717 0.029105 0.106618
2 0.819853 0.078023 0.058211 0.155229
0 0.282935 0.701389 0.026042 0.133987
2 0.268689 0.713644 0.077819 0.156046
1 0.283548 0.718750 0.104473 0.160539
0 0.428615 0.763685 0.025123 0.095180
2 0.414522 0.762868 0.055147 0.139297
0 0.613971 0.956495 0.015931 0.072304
2 0.605699 0.949551 0.030637 0.087827
0 0.926011 0.338440 0.037684 0.080474
2 0.917126 0.330065 0.059743 0.145425
