0 0.457567 0.087010 0.026654 0.145425
2 0.437500 0.081291 0.071691 0.161765
1 0.474112 0.102941 0.143076 0.193627
0 0.692555 0.151144 0.021752 0.074346
2 0.695312 0.165237 0.024203 0.102533
0 0.509651 0.355188 0.048713 0.158088
2 0.494638 0.345792 0.079963 0.233252
1 0.522059 0.387255 0.136642 0.316176
0 0.716912 0.245302 0.031250 0.061683
0 0.967831 0.416462 0.052696 0.071487
2 0.956189 0.431168 0.074755 0.098448
0 0.403493 0.370915 0.018995 0.062092
2 0.396906 0.356413 0.046262 0.101716
0 0.655331 0.764297 0.030637 0.054739
0 0.035846 0.416054 0.036152 0.057598
2 0.036612 0.409109 0.064645 0.098448
1 0.047181 0.431577 0.085784 0.143382
0 0.202053 0.413807 0.018076 0.078431
2 0.195312 0.438521 0.059743 0.125408
0 0.058211 0.068219 0.053922 0.126634
2 0.043045 0.096814 0.081801 0.192810
1 0.096661 0.114379 0.187806 0.227124
0 0.163909 0.243260 0.066176 0.164624
2 0.148897 0.268995 0.097426 0.213644
0 0.800858 0.448938 0.022059 0.040033
2 0.806526 0.443627 0.029718 0.066993
