0 0.054688 0.102328 0.054841 0.169526
2 0.054688 0.111111 0.087929 0.218954
1 0.052696 0.155229 0.088848 0.308824
0 0.529871 0.329453 0.037684 0.213644
2 0.535386 0.303922 0.081801 0.344771
1 0.480545 0.342116 0.193321 0.418709
0 0.068015 0.739583 0.025123 0.120507
2 0.080729 0.728350 0.051164 0.170752
1 0.054688 0.745915 0.103860 0.206699
0 0.619026 0.493873 0.021140 0.196895
2 0.614430 0.509600 0.046262 0.232435
1 0.598039 0.536356 0.080882 0.285948
0 0.673407 0.174020 0.052696 0.080882
0 0.818627 0.714052 0.128064 0.155229
