0 0.048866 0.076797 0.011949 0.066176
2 0.049939 0.058007 0.030637 0.109477
1 0.033088 0.068423 0.061887 0.130310
0 0.111366 0.069240 0.046875 0.134395
2 0.122243 0.080474 0.068627 0.154412
0 0.481771 0.293913 0.029718 0.217729
2 0.480852 0.290850 0.101409 0.243464
1 0.469822 0.341708 0.124081 0.345180
0 0.517157 0.196283 0.029412 0.137663
2 0.543811 0.208333 0.080882 0.157680
0 0.674786 0.303513 0.048713 0.114379
2 0.662837 0.335172 0.073836 0.174428
0 0.757353 0.632149 0.034314 0.122141
2 0.741575 0.645016 0.065870 0.146242
