0 0.392004 0.353758 0.051164 0.278595
2 0.351562 0.367239 0.135110 0.299837
1 0.417586 0.388276 0.270221 0.337010
0 0.064491 0.309641 0.026042 0.140523
2 0.063725 0.375613 0.072917 0.268382
0 0.795803 0.446895 0.054228 0.084150
2 0.805760 0.376634 0.075368 0.219771
0 0.984222 0.776961 0.031556 0.082516
2 0.966452 0.775123 0.067096 0.168709
0 0.608609 0.313930 0.020527 0.087827
0 0.766391 0.602941 0.053615 0.056373
2 0.765625 0.622958 0.077206 0.089869
0 0.492188 0.756944 0.015625 0.089869
2 0.477022 0.751225 0.044730 0.160131
1 0.509191 0.756944 0.106005 0.171569
0 0.405331 0.016953 0.013480 0.033088
2 0.409007 0.018587 0.047181 0.035539
1 0.409773 0.049837 0.048713 0.092320
