0 0.786152 0.314951 0.014093 0.085784
2 0.786765 0.318219 0.033088 0.115196
0 0.813572 0.212827 0.023591 0.093137
2 0.822151 0.226920 0.040748 0.121324
0 0.843290 0.684028 0.023591 0.082925
2 0.846967 0.657067 0.046262 0.154003
1 0.859069 0.682598 0.067402 0.196895
0 0.511029 0.342116 0.089461 0.299428
2 0.522059 0.313317 0.114583 0.491013
1 0.468597 0.350490 0.224571 0.567810
0 0.240043 0.655229 0.018689 0.092320
2 0.250613 0.675858 0.038603 0.139297
1 0.232077 0.675449 0.078738 0.136029
0 0.532322 0.837214 0.034620 0.120507
0 0.540748 0.958742 0.034314 0.066176
2 0.496936 0.909926 0.119485 0.169526
