0 0.404718 0.306985 0.038603 0.346814
2 0.421875 0.312296 0.069853 0.354984
1 0.380208 0.333333 0.150123 0.397059
0 0.437194 0.217933 0.017157 0.068219
2 0.433670 0.198121 0.040135 0.114379
0 0.607384 0.226920 0.011949 0.091912
2 0.604626 0.198734 0.032782 0.203023
1 0.628064 0.234273 0.078431 0.274101
0 0.789675 0.040441 0.048713 0.080065
2 0.774663 0.074551 0.081189 0.143382
0 0.835631 0.287173 0.034620 0.066176
2 0.837469 0.266748 0.049326 0.108660
1 0.845282 0.281863 0.063725 0.137255
0 0.835938 0.532680 0.038297 0.056373
2 0.827206 0.507149 0.055760 0.103350
1 0.837163 0.537377 0.076900 0.158088
0 0.915288 0.515931 0.024203 0.088235
2 0.929075 0.495507 0.053615 0.126634
1 0.920803 0.538399 0.073223 0.208333
0 0.748009 0.732230 0.013174 0.053513
2 0.756281 0.724469 0.031556 0.073121
0 0.186581 0.827614 0.025123 0.043301
2 0.195006 0.816585 0.040135 0.075163
1 0.175705 0.829657 0.103860 0.097222
