0 0.121170 0.261029 0.043199 0.118464
2 0.122702 0.232639 0.076287 0.214461
1 0.099571 0.255106 0.122549 0.257761
0 0.412837 0.261438 0.029718 0.190359
2 0.418811 0.234273 0.082721 0.370507
1 0.439951 0.253676 0.128064 0.409314
0 0.773438 0.321691 0.040748 0.128676
2 0.770374 0.299632 0.059743 0.183415
1 0.785692 0.308619 0.087316 0.192402
0 0.704657 0.474673 0.049632 0.089052
2 0.699602 0.486111 0.057904 0.111928
1 0.682292 0.495507 0.092525 0.130719
0 0.792433 0.685049 0.062806 0.059641
2 0.780178 0.650531 0.087316 0.131127
1 0.791054 0.685458 0.109069 0.205065
0 0.902267 0.647059 0.042279 0.138072
2 0.920343 0.621324 0.078431 0.191993
1 0.909467 0.668913 0.102022 0.284722
0 0.679228 0.961193 0.017157 0.048203
2 0.691789 0.950572 0.042279 0.085784
1 0.677543 0.951389 0.070772 0.089052
0 0.184743 0.524918 0.030637 0.059641
2 0.143076 0.515114 0.113971 0.115196
