0 0.736060 0.043096 0.032169 0.078840
2 0.732537 0.055556 0.061275 0.103758
0 0.208946 0.030433 0.044730 0.060049
2 0.197304 0.071895 0.069853 0.142974
0 0.023591 0.147467 0.016544 0.125817
2 0.040135 0.165237 0.047794 0.165441
1 0.047641 0.180760 0.076900 0.194853
0 0.147518 0.393995 0.048713 0.103350
2 0.117953 0.365196 0.109069 0.169935
1 0.161152 0.408088 0.195466 0.255719
0 0.325674 0.332721 0.030025 0.180147
2 0.331495 0.311070 0.077819 0.254493
1 0.324908 0.363154 0.089767 0.356209
0 0.518842 0.370915 0.059743 0.263072
2 0.479626 0.365809 0.140012 0.313317
1 0.516544 0.408088 0.212010 0.397876
0 0.097886 0.759191 0.051777 0.064951
2 0.108150 0.745915 0.075368 0.097222
