0 0.311581 0.549020 0.044118 0.183007
2 0.301777 0.543096 0.099877 0.291258
1 0.341146 0.535539 0.179841 0.338235
0 0.115196 0.272876 0.028186 0.092320
2 0.119179 0.253064 0.036152 0.136029
1 0.101869 0.266748 0.068934 0.156863
0 0.053462 0.547998 0.032169 0.061683
2 0.045190 0.535335 0.051777 0.109886
1 0.060355 0.539828 0.083946 0.117239
0 0.382659 0.065564 0.038603 0.102533
2 0.386183 0.091708 0.046875 0.157271
0 0.465993 0.165237 0.024510 0.127859
2 0.466759 0.152574 0.048100 0.213644
1 0.418811 0.169730 0.143995 0.250408
0 0.763787 0.239583 0.027574 0.142565
2 0.744638 0.260008 0.067096 0.183415
0 0.774050 0.069649 0.035846 0.127859
2 0.790594 0.097222 0.079963 0.184641
0 0.937347 0.198325 0.025429 0.082108
2 0.950674 0.216299 0.064951 0.119690
