0 0.496477 0.347018 0.026042 0.154003
2 0.475797 0.336397 0.067402 0.176879
1 0.515778 0.344771 0.146140 0.240196
0 0.193321 0.663807 0.025735 0.085784
2 0.174479 0.657475 0.062194 0.102533
1 0.195312 0.661560 0.103860 0.123775
0 0.097426 0.210580 0.022672 0.095180
2 0.107384 0.226511 0.042586 0.124592
1 0.095588 0.259395 0.066176 0.190359
0 0.048560 0.472222 0.092831 0.089869
2 0.088082 0.475694 0.168811 0.095180
0 0.808517 0.049224 0.033701 0.097631
0 0.657322 0.763685 0.026654 0.046977
2 0.650888 0.755719 0.040748 0.066993
0 0.721661 0.652165 0.012561 0.046160
2 0.729473 0.651757 0.026961 0.049428
1 0.716146 0.652778 0.057904 0.047386
0 0.377604 0.655433 0.018689 0.060866
2 0.364277 0.650123 0.042279 0.071487
0 0.222886 0.435866 0.023591 0.099673
