0 0.446691 0.469975 0.026961 0.176062
2 0.421109 0.483047 0.079350 0.199755
1 0.448683 0.475694 0.135723 0.277369
0 0.223499 0.072100 0.014400 0.055147
2 0.225184 0.061683 0.030025 0.111111
1 0.208027 0.074959 0.063113 0.136029
0 0.019148 0.021855 0.012561 0.042892
2 0.020527 0.026552 0.032475 0.044118
0 0.435509 0.085784 0.026654 0.170752
2 0.412684 0.101716 0.072304 0.200980
1 0.448376 0.153391 0.141238 0.304330
0 0.025123 0.798203 0.030025 0.111928
0 0.048560 0.982843 0.049326 0.031046
2 0.049786 0.974060 0.071998 0.051879
0 0.273438 0.968342 0.018076 0.063317
2 0.257200 0.961601 0.049326 0.076797
1 0.277880 0.942810 0.091912 0.114379
0 0.591452 0.961397 0.018689 0.060866
0 0.600643 0.233047 0.019301 0.116422
0 0.893536 0.027778 0.017463 0.054739
2 0.890012 0.037377 0.034314 0.065768
0 0.930300 0.040850 0.022365 0.079248
2 0.959252 0.074142 0.081495 0.142565
0 0.637714 0.034926 0.021140 0.069036
2 0.630821 0.049632 0.037377 0.095180
0 0.904412 0.775735 0.012868 0.046569
2 0.903493 0.764502 0.025123 0.070670
1 0.905331 0.785335 0.027574 0.115605
