0 0.431066 0.266748 0.039216 0.352124
2 0.382659 0.294526 0.136029 0.407680
1 0.434589 0.380310 0.238051 0.575163
0 0.697151 0.430760 0.020527 0.084559
2 0.696844 0.432190 0.035233 0.148693
0 0.735754 0.165645 0.029718 0.132761
2 0.729933 0.184028 0.054228 0.171977
0 0.554381 0.036356 0.023591 0.071895
2 0.534314 0.044730 0.063725 0.083742
0 0.215380 0.289420 0.016544 0.057598
2 0.217371 0.266748 0.031556 0.115196
1 0.192096 0.282271 0.078431 0.148693
0 0.009498 0.229167 0.013480 0.052288
2 0.013940 0.230188 0.023591 0.087827
0 0.505515 0.900327 0.072304 0.186275
