0 0.544424 0.151552 0.060662 0.301471
2 0.549939 0.164624 0.071691 0.323529
1 0.527574 0.259395 0.116422 0.515523
0 0.598652 0.458538 0.027574 0.176062
2 0.575214 0.480392 0.093444 0.215686
0 0.762868 0.609681 0.035539 0.065768
2 0.765165 0.645016 0.057292 0.133987
0 0.550398 0.772672 0.037684 0.216095
2 0.517004 0.777369 0.106311 0.285948
1 0.556679 0.816585 0.186887 0.360294
0 0.312347 0.724469 0.014400 0.056781
2 0.316789 0.710376 0.030637 0.126634
1 0.295496 0.720792 0.073223 0.149918
0 0.111673 0.633783 0.018076 0.065768
2 0.110447 0.628064 0.032782 0.094363
