0 0.262102 0.360907 0.031556 0.157271
2 0.272672 0.323734 0.064951 0.261029
1 0.241575 0.345792 0.127145 0.305147
0 0.363817 0.469975 0.065257 0.238971
2 0.360600 0.481413 0.117034 0.288807
1 0.390165 0.517974 0.177390 0.360294
0 0.650429 0.599265 0.030637 0.214869
2 0.633272 0.609273 0.066789 0.234886
0 0.325368 0.719158 0.033701 0.079657
2 0.323683 0.704657 0.060355 0.125817
1 0.337929 0.718546 0.085784 0.151961
0 0.761183 0.825572 0.043199 0.044935
2 0.764553 0.834559 0.057292 0.062908
0 0.384957 0.191789 0.018076 0.057598
2 0.379596 0.178922 0.044730 0.096405
1 0.389400 0.201797 0.067402 0.146242
