0 0.408395 0.295343 0.023897 0.185458
2 0.417126 0.279003 0.042586 0.329248
1 0.344210 0.302288 0.188419 0.375817
0 0.403799 0.841095 0.043505 0.157680
2 0.415441 0.837010 0.064951 0.209150
0 0.619945 0.498162 0.013174 0.113971
2 0.627451 0.513480 0.026961 0.142157
1 0.607996 0.525531 0.065870 0.167892
0 0.572763 0.304534 0.032782 0.092729
2 0.562347 0.311683 0.055453 0.105392
0 0.318015 0.500817 0.025735 0.100490
2 0.330729 0.514706 0.050551 0.132353
0 0.353860 0.541258 0.010417 0.035948
2 0.357077 0.537582 0.029105 0.058824
0 0.137102 0.152982 0.025429 0.102533
2 0.148897 0.183824 0.048407 0.166667
0 0.078431 0.333538 0.025123 0.088644
2 0.085325 0.347222 0.038297 0.116013
0 0.622855 0.370098 0.012255 0.049020
2 0.622396 0.358252 0.024816 0.072712
0 0.669577 0.323325 0.042586 0.138480
2 0.657935 0.341095 0.067096 0.172386
0 0.130362 0.942402 0.029718 0.058007
2 0.130515 0.941789 0.044730 0.083742
0 0.220129 0.553922 0.016238 0.048203
2 0.217831 0.553513 0.030025 0.074346
1 0.217371 0.574346 0.032169 0.108660
0 0.055300 0.542892 0.060355 0.151144
2 0.067708 0.555351 0.088235 0.180147
0 0.194700 0.714257 0.025429 0.067402
2 0.213388 0.732230 0.062806 0.125408
0 0.579197 0.674632 0.014400 0.053513
1 0.575980 0.705065 0.039216 0.121732
2 0.583333 0.686070 0.020833 0.070670
