0 0.515931 0.321078 0.058211 0.278595
2 0.487592 0.348039 0.116115 0.330065
0 0.729167 0.272876 0.080882 0.245098
2 0.728707 0.292892 0.108150 0.286765
0 0.321844 0.574755 0.070772 0.033497
2 0.339920 0.601511 0.106924 0.087010
0 0.106924 0.281250 0.022672 0.069036
2 0.127757 0.332312 0.066176 0.162173
1 0.325674 0.544118 0.138480 0.196895
0 0.609222 0.767361 0.023591 0.106618
2 0.618719 0.747549 0.050551 0.178105
1 0.602635 0.760008 0.080882 0.203023
0 0.589308 0.680556 0.038297 0.096405
0 0.854320 0.748570 0.031556 0.064951
2 0.862592 0.746936 0.051164 0.091095
1 0.854779 0.757353 0.064951 0.111928
0 0.127451 0.118464 0.051471 0.039216
2 0.138787 0.110294 0.078431 0.070261
1 0.121477 0.120098 0.113051 0.088235
