0 0.420037 0.330678 0.058211 0.406454
2 0.351716 0.364788 0.194853 0.472222
0 0.115962 0.810866 0.050551 0.047386
2 0.096661 0.812500 0.093444 0.071078
1 0.106158 0.785743 0.120404 0.128676
0 0.218444 0.784109 0.091912 0.056781
2 0.220895 0.770425 0.164216 0.125817
0 0.516544 0.777369 0.058211 0.078431
2 0.507966 0.747549 0.075368 0.133987
0 0.973499 0.101103 0.026042 0.127859
2 0.967831 0.112132 0.041667 0.154003
0 0.583333 0.537990 0.018995 0.052288
2 0.578585 0.530637 0.048713 0.096405
0 0.831036 0.371732 0.029105 0.074346
