0 0.048407 0.922386 0.034314 0.077614
2 0.053156 0.910335 0.062806 0.109886
1 0.048254 0.926062 0.073836 0.145425
0 0.392923 0.214257 0.043199 0.261846
2 0.365809 0.232230 0.097426 0.299428
0 0.535080 0.331699 0.046262 0.127451
2 0.520527 0.335784 0.075368 0.133987
1 0.517770 0.370507 0.080882 0.196895
0 0.884957 0.605596 0.045650 0.057598
2 0.876379 0.583742 0.062806 0.107843
0 0.390165 0.571691 0.045650 0.146650
2 0.365349 0.577819 0.112439 0.157271
0 0.034620 0.662582 0.044730 0.071078
2 0.041360 0.643382 0.058211 0.111928
1 0.035080 0.658905 0.068934 0.145425
0 0.455729 0.295139 0.082414 0.435866
2 0.382200 0.307598 0.229473 0.463235
1 0.392157 0.334355 0.247549 0.510212
