0 0.567249 0.130719 0.040135 0.159314
2 0.555147 0.125817 0.067402 0.218954
0 0.274663 0.078227 0.029718 0.146650
2 0.245098 0.103758 0.088848 0.200163
0 0.393229 0.389297 0.028493 0.069444
2 0.385876 0.381944 0.043199 0.121732
0 0.498162 0.288807 0.060662 0.241013
2 0.532016 0.317606 0.118566 0.302696
1 0.530331 0.343342 0.123162 0.343546
0 0.644148 0.539011 0.176777 0.184232
2 0.608456 0.547590 0.248162 0.198938
0 0.480392 0.705678 0.028186 0.094363
2 0.475337 0.695670 0.065257 0.151961
0 0.926317 0.639297 0.015625 0.079248
2 0.935815 0.654003 0.044424 0.107026
0 0.988664 0.687500 0.022672 0.036765
2 0.980392 0.671160 0.033701 0.071078
0 0.971967 0.206699 0.035846 0.045752
2 0.962010 0.215482 0.055760 0.064951
0 0.910692 0.203840 0.019301 0.076797
2 0.903493 0.214665 0.032475 0.096814
