0 0.048866 0.094567 0.062806 0.183415
2 0.048713 0.116013 0.096201 0.226307
1 0.083027 0.140931 0.164828 0.277778
0 0.349418 0.133987 0.010723 0.056373
2 0.346967 0.128676 0.021752 0.075980
1 0.355852 0.135825 0.039522 0.092729
0 0.560509 0.040237 0.037684 0.076389
2 0.543658 0.067810 0.071998 0.127451
0 0.258578 0.333742 0.018382 0.052288
0 0.307598 0.378064 0.023284 0.056781
2 0.306526 0.379698 0.038297 0.099265
1 0.297335 0.389910 0.056066 0.120507
0 0.420496 0.398489 0.022365 0.149101
2 0.392157 0.405433 0.077819 0.163807
1 0.420650 0.419730 0.135417 0.197304
0 0.479320 0.259600 0.011949 0.037173
2 0.482537 0.257557 0.020833 0.059232
0 0.211703 0.740809 0.020221 0.086193
2 0.210784 0.738766 0.053309 0.116422
1 0.207108 0.759600 0.061887 0.158088
0 0.191023 0.953431 0.015012 0.027778
2 0.191176 0.952819 0.023897 0.046977
0 0.417586 0.751838 0.013480 0.037173
2 0.409620 0.760621 0.045343 0.053105
1 0.415748 0.728758 0.058211 0.112745
0 0.509191 0.356209 0.007353 0.035131
2 0.510570 0.376225 0.026042 0.076797
0 0.823836 0.547794 0.017770 0.049837
2 0.829657 0.538807 0.030637 0.067810
1 0.815104 0.545956 0.059743 0.082108
0 0.686887 0.343750 0.020833 0.053513
2 0.676471 0.356822 0.041667 0.080474
0 0.591605 0.532884 0.009804 0.030637
2 0.593444 0.539216 0.012868 0.046569
0 0.846048 0.274918 0.013174 0.052288
2 0.847426 0.279820 0.031250 0.075163
0 0.881434 0.349673 0.028186 0.034314
2 0.875766 0.370711 0.040135 0.075572
0 0.954657 0.222835 0.013480 0.064134
2 0.953431 0.221405 0.034926 0.092320
0 0.850337 0.042688 0.011336 0.054330
2 0.850184 0.062908 0.028186 0.094771
