0 0.397672 0.217525 0.069853 0.232435
2 0.429381 0.232230 0.128983 0.257761
1 0.411305 0.245302 0.166360 0.283905
0 0.096814 0.619690 0.025735 0.053922
2 0.095435 0.614379 0.043199 0.082516
1 0.108762 0.626225 0.074755 0.107026
0 0.327359 0.749796 0.019914 0.037173
2 0.334099 0.744281 0.034007 0.051471
0 0.515472 0.922386 0.015012 0.031863
2 0.525735 0.917279 0.037377 0.051062
0 0.549939 0.411969 0.012868 0.062500
2 0.550092 0.391953 0.027880 0.100899
1 0.537684 0.391953 0.050858 0.102533
0 0.648744 0.455678 0.012561 0.048611
2 0.643842 0.461806 0.022365 0.059232
0 0.947763 0.644404 0.022365 0.056781
2 0.944547 0.676675 0.048407 0.119690
