0 0.256127 0.230596 0.052696 0.108252
2 0.260876 0.252451 0.093444 0.151961
0 0.370404 0.221609 0.078431 0.224265
2 0.387868 0.243873 0.114583 0.282680
1 0.393382 0.266748 0.122549 0.329248
0 0.687500 0.070874 0.016544 0.071487
2 0.682445 0.056168 0.040748 0.106618
0 0.687500 0.341503 0.022672 0.078431
2 0.676471 0.355596 0.047794 0.113154
0 0.928156 0.648489 0.026654 0.064134
2 0.928615 0.680556 0.049632 0.129902
0 0.027880 0.796160 0.055147 0.072712
2 0.043199 0.830270 0.083946 0.138480
0 0.174479 0.908905 0.087316 0.092320
2 0.157629 0.924428 0.124081 0.148693
