0 0.444547 0.321487 0.041667 0.263889
2 0.395067 0.353145 0.139400 0.328840
1 0.409926 0.384191 0.169118 0.394199
0 0.035080 0.622753 0.013174 0.062500
2 0.041513 0.615809 0.024203 0.095997
0 0.381740 0.790033 0.015931 0.046569
2 0.384191 0.783497 0.030637 0.071895
1 0.389246 0.796569 0.039522 0.098039
0 0.687653 0.435253 0.026654 0.095997
2 0.678922 0.444036 0.043505 0.112745
0 0.704504 0.542688 0.017463 0.093546
2 0.693934 0.549632 0.039216 0.108252
0 0.670037 0.293709 0.018382 0.053105
2 0.667279 0.300245 0.025735 0.066176
0 0.898591 0.330065 0.012868 0.065359
2 0.895680 0.331699 0.021752 0.077614
0 0.885417 0.553309 0.013480 0.031454
2 0.887868 0.546569 0.026961 0.060458
1 0.890012 0.554739 0.034314 0.074346
