0 0.135169 0.119544 0.060020 0.125992
2 0.129960 0.129795 0.086310 0.195437
1 0.151414 0.170800 0.124752 0.266865
0 0.015129 0.464120 0.024802 0.096230
2 0.020957 0.494709 0.040923 0.156746
1 0.035094 0.503142 0.061756 0.180225
0 0.383061 0.316303 0.098462 0.188823
2 0.399554 0.287698 0.132937 0.314815
1 0.409846 0.325893 0.153522 0.387235
0 0.631200 0.039683 0.016865 0.076720
2 0.641989 0.049769 0.038442 0.090939
0 0.667907 0.082341 0.053571 0.151455
2 0.623884 0.121197 0.141617 0.233796
0 0.961310 0.211806 0.077381 0.092923
2 0.898562 0.206019 0.202877 0.379630
0 0.697545 0.621032 0.043899 0.068122
2 0.679067 0.642857 0.080853 0.111772
0 0.473462 0.727679 0.031250 0.053241
2 0.459573 0.739418 0.056052 0.076720
