0 0.469122 0.412533 0.029018 0.112103
2 0.469494 0.409226 0.058532 0.233796
1 0.492312 0.440807 0.100694 0.294312
0 0.146701 0.042328 0.029018 0.080026
2 0.145833 0.054067 0.048115 0.101521
1 0.159846 0.072586 0.076141 0.136574
0 0.549231 0.352679 0.031994 0.101521
2 0.563616 0.372520 0.060764 0.136574
0 0.125992 0.704861 0.028770 0.056548
2 0.140625 0.719577 0.061508 0.080026
0 0.645461 0.756448 0.029514 0.108796
2 0.633061 0.761243 0.052827 0.118386
1 0.645089 0.762897 0.070437 0.121693
0 0.920759 0.791667 0.037450 0.059524
2 0.930060 0.781415 0.057540 0.135582
1 0.921875 0.808862 0.071925 0.187831
0 0.777158 0.752149 0.017609 0.083003
2 0.789062 0.739914 0.044891 0.114087
1 0.777158 0.768849 0.068700 0.165344
