0 0.336806 0.284392 0.060020 0.250661
2 0.355159 0.298446 0.096726 0.368056
1 0.337550 0.322255 0.131944 0.413690
0 0.499876 0.648148 0.020089 0.137566
2 0.522693 0.674438 0.059276 0.185516
0 0.387773 0.677910 0.020089 0.060847
2 0.382316 0.666336 0.056796 0.133598
1 0.416791 0.675265 0.133681 0.151455
0 0.046627 0.214947 0.022321 0.099206
2 0.029886 0.222553 0.055804 0.111772
0 0.491195 0.109954 0.013641 0.110780
2 0.482267 0.089120 0.029514 0.152447
1 0.502356 0.142526 0.064732 0.252646
0 0.759177 0.547950 0.044147 0.090608
2 0.774802 0.550099 0.078373 0.161045
1 0.765129 0.571925 0.100694 0.206680
0 0.928695 0.812996 0.026538 0.051257
2 0.913938 0.789021 0.056052 0.126984
1 0.939112 0.789021 0.099950 0.128968
