0 0.141493 0.097222 0.031002 0.177249
2 0.152158 0.109127 0.051339 0.198413
0 0.226687 0.187996 0.028770 0.127976
2 0.231151 0.195602 0.040675 0.185516
1 0.260293 0.226852 0.095982 0.257275
0 0.197545 0.525628 0.042411 0.086310
0 0.315476 0.386243 0.147321 0.253968
2 0.341890 0.371362 0.201637 0.358466
1 0.403522 0.473214 0.326389 0.564153
0 0.610367 0.055721 0.055060 0.110780
2 0.620784 0.074901 0.074405 0.145172
0 0.818328 0.273313 0.048859 0.087632
2 0.797495 0.316964 0.090526 0.170966
0 0.717510 0.655589 0.023313 0.105489
2 0.706349 0.698247 0.083829 0.188823
1 0.695064 0.711640 0.107887 0.215608
