0 0.251488 0.858796 0.040179 0.196429
2 0.262649 0.865245 0.065476 0.243056
0 0.445561 0.058366 0.026538 0.112103
2 0.436384 0.073909 0.046379 0.147156
1 0.469122 0.108962 0.115327 0.211310
0 0.359871 0.284392 0.075893 0.304233
2 0.376240 0.315311 0.105655 0.361442
1 0.415799 0.375496 0.191220 0.486442
0 0.481523 0.804398 0.029514 0.059854
2 0.473462 0.793320 0.045635 0.118386
0 0.112351 0.881944 0.086310 0.236111
2 0.079613 0.882275 0.152778 0.234788
0 0.485119 0.939484 0.015873 0.058862
2 0.481523 0.922784 0.035962 0.089616
1 0.481027 0.939484 0.038442 0.118386
