0 0.724418 0.041462 0.022978 0.082108
2 0.748621 0.060458 0.068321 0.115196
0 0.950061 0.081904 0.022672 0.162990
2 0.969975 0.089052 0.060049 0.174837
1 0.914216 0.113154 0.169730 0.223039
0 0.975490 0.296569 0.049020 0.185458
2 0.938879 0.302288 0.121630 0.196895
1 0.936581 0.314542 0.126838 0.225490
0 0.383885 0.227941 0.058211 0.352124
2 0.287990 0.244690 0.248162 0.408497
1 0.409314 0.355188 0.489583 0.633578
0 0.678462 0.619281 0.109988 0.166667
2 0.664675 0.626021 0.138787 0.264297
1 0.606158 0.663194 0.257659 0.338644
0 0.023131 0.805147 0.045650 0.085784
2 0.095282 0.756332 0.189338 0.180964
1 0.095129 0.737132 0.187806 0.217729
0 0.154105 0.048203 0.050858 0.093137
2 0.118566 0.073529 0.121936 0.146242
