0 0.400735 0.170956 0.041667 0.164624
2 0.306526 0.184028 0.230086 0.192402
0 0.295496 0.078840 0.071385 0.151961
2 0.250766 0.104371 0.162684 0.201389
0 0.910539 0.084559 0.039828 0.073529
1 0.433364 0.197100 0.486826 0.223448
0 0.965227 0.502247 0.069547 0.079657
2 0.946078 0.474060 0.107843 0.180147
1 0.922488 0.515931 0.155025 0.263889
0 0.298560 0.495711 0.043199 0.072304
2 0.271140 0.512868 0.098039 0.106618
0 0.462776 0.464257 0.032169 0.158088
2 0.455729 0.408497 0.074449 0.304739
1 0.392923 0.442810 0.201900 0.375000
0 0.349265 0.582108 0.044118 0.058824
2 0.361520 0.564747 0.069853 0.145833
1 0.331189 0.587214 0.130515 0.190768
0 0.697304 0.558415 0.061275 0.103758
0 0.460018 0.808619 0.017463 0.076389
2 0.441176 0.808619 0.053309 0.076389
