0 0.670190 0.432598 0.027267 0.156046
2 0.682445 0.341503 0.121017 0.338235
1 0.652880 0.376225 0.184436 0.407680
0 0.981924 0.856822 0.030637 0.042892
2 0.923560 0.804739 0.149203 0.141340
0 0.489124 0.172998 0.026654 0.124592
2 0.507659 0.215482 0.063725 0.209559
1 0.482077 0.171773 0.117953 0.336193
0 0.952972 0.080270 0.054228 0.154820
0 0.698070 0.094363 0.039522 0.145425
2 0.661458 0.091912 0.113971 0.182190
0 0.411765 0.314542 0.035539 0.315359
2 0.437194 0.333129 0.086397 0.403186
1 0.363358 0.380923 0.234069 0.502859
