0 0.298560 0.360498 0.043199 0.290441
2 0.241575 0.307190 0.160233 0.468137
1 0.309283 0.373979 0.293811 0.600082
0 0.472580 0.380515 0.015625 0.091095
2 0.492647 0.370915 0.053922 0.116013
0 0.628676 0.342729 0.030637 0.063725
2 0.615196 0.303922 0.058824 0.145425
1 0.645833 0.329044 0.120098 0.194036
0 0.761183 0.243668 0.029105 0.086193
2 0.856311 0.185662 0.214461 0.210376
1 0.810815 0.199142 0.308517 0.265114
0 0.947917 0.867443 0.069240 0.032271
2 0.947917 0.837623 0.069240 0.098448
1 0.956036 0.879902 0.087316 0.193627
