0 0.440411 0.314542 0.042586 0.348856
2 0.486673 0.328431 0.135110 0.383170
1 0.426164 0.392565 0.253064 0.508987
0 0.325368 0.155229 0.013480 0.093137
2 0.314032 0.160335 0.036765 0.101716
0 0.285386 0.102124 0.018689 0.093137
2 0.285386 0.095792 0.036458 0.135212
0 0.319547 0.054943 0.010417 0.053513
2 0.316942 0.059232 0.026042 0.072712
0 0.561581 0.378676 0.025735 0.077614
2 0.545956 0.400327 0.056985 0.117647
0 0.506281 0.402574 0.010723 0.053513
2 0.502757 0.410948 0.020833 0.068627
0 0.125613 0.561070 0.014093 0.025735
2 0.130515 0.546160 0.022672 0.071895
1 0.113817 0.549632 0.056066 0.080474
