2 0.278333 0.209125 0.098667 0.162250
0 0.677000 0.267125 0.036000 0.042750
1 0.565333 0.468750 0.154000 0.129000
0 0.681833 0.504875 0.020333 0.041250
2 0.896833 0.296500 0.206333 0.158500
0 0.544333 0.857750 0.032000 0.063500
0 0.301500 0.213250 0.051000 0.117000
1 0.296333 0.246500 0.133333 0.238500
0 0.054000 0.096750 0.034000 0.094500
2 0.044167 0.100875 0.087000 0.103750
0 0.857500 0.275500 0.037000 0.117500
0 0.563000 0.473625 0.032000 0.087250
2 0.534000 0.469375 0.091333 0.126750
2 0.689500 0.491250 0.043000 0.069500
1 0.679333 0.491375 0.061333 0.070750
0 0.590333 0.178750 0.099333 0.150000
0 0.424667 0.168500 0.018000 0.061500
2 0.413000 0.173000 0.043333 0.073500
0 0.096667 0.450125 0.017333 0.034750
0 0.122500 0.471250 0.012333 0.038000
0 0.270000 0.033000 0.016000 0.056500
0 0.315667 0.125875 0.016667 0.025250
2 0.321500 0.106125 0.031000 0.066750
0 0.470833 0.325625 0.061667 0.068250
2 0.449167 0.336500 0.103667 0.090000
0 0.047167 0.337625 0.092333 0.179250
0 0.036333 0.509125 0.070000 0.143750
0 0.440000 0.498125 0.086000 0.154250
2 0.515667 0.810625 0.092000 0.157750
0 0.303667 0.851125 0.032000 0.032750
0 0.444833 0.635625 0.025667 0.032750
0 0.544000 0.500000 0.042000 0.098500
0 0.370000 0.357750 0.031333 0.056000
2 0.331667 0.361250 0.108667 0.062500
