2 0.936167 0.615125 0.126333 0.134250
1 0.380000 0.417750 0.083333 0.064500
1 0.566333 0.517750 0.080667 0.072500
2 0.567000 0.662250 0.162667 0.184500
0 0.296667 0.228750 0.011333 0.035000
2 0.306333 0.227875 0.031333 0.058250
0 0.395667 0.430000 0.014667 0.013500
2 0.397833 0.417000 0.031667 0.063500
0 0.170333 0.411875 0.016667 0.024250
2 0.132667 0.394000 0.089333 0.061500
1 0.133667 0.402750 0.091333 0.078500
0 0.432500 0.369125 0.019667 0.049750
2 0.423333 0.357000 0.036000 0.074000
0 0.549500 0.519625 0.011000 0.031250
2 0.540833 0.508375 0.030333 0.053750
0 0.580167 0.711000 0.075667 0.085500
0 0.526833 0.350875 0.010333 0.019250
2 0.525667 0.347375 0.018667 0.035750
1 0.533000 0.349625 0.030667 0.041750
0 0.619833 0.300000 0.011000 0.021500
2 0.599667 0.294500 0.051333 0.047000
1 0.589500 0.302875 0.073000 0.064750
0 0.302000 0.758000 0.024000 0.045500
0 0.103167 0.655125 0.027000 0.071750
2 0.120500 0.664875 0.054333 0.112250
1 0.106500 0.673250 0.082333 0.129000
0 0.380833 0.949875 0.023667 0.045750
2 0.344500 0.956500 0.098333 0.060500
0 0.533667 0.941875 0.064000 0.056750
0 0.301000 0.287125 0.026000 0.043750
0 0.316667 0.366625 0.024000 0.062250
0 0.402167 0.279000 0.034333 0.078500
0 0.495167 0.313750 0.011667 0.024000
0 0.056667 0.468875 0.014000 0.035250
2 0.063833 0.479375 0.033000 0.056750
0 0.369000 0.600250 0.028000 0.116500
2 0.357333 0.599000 0.054000 0.115500
0 0.366333 0.509875 0.012667 0.025750
0 0.490833 0.437875 0.021000 0.021750
0 0.090000 0.616250 0.040667 0.090500
0 0.155167 0.585875 0.049000 0.078750
2 0.193000 0.593500 0.126667 0.095000
0 0.358833 0.299625 0.025667 0.037250
0 0.074833 0.330750 0.016333 0.015500
0 0.288167 0.486750 0.033667 0.039500
0 0.497333 0.425625 0.016000 0.068250
