0 0.404718 0.498775 0.134191 0.197712
2 0.465227 0.433415 0.252145 0.345588
1 0.465227 0.484681 0.252145 0.444036
0 0.968290 0.719363 0.050551 0.029412
2 0.960172 0.689951 0.069853 0.092320
0 0.781710 0.814951 0.029105 0.022059
2 0.791207 0.778799 0.048100 0.098448
1 0.775429 0.793505 0.082721 0.123775
0 0.133578 0.687296 0.035539 0.028186
2 0.111979 0.673611 0.076900 0.059641
1 0.133578 0.678922 0.120098 0.070261
0 0.204657 0.907271 0.018995 0.078431
2 0.184743 0.891953 0.060662 0.131944
1 0.212163 0.898897 0.112439 0.135212
0 0.469056 0.135212 0.019608 0.084967
2 0.487898 0.146446 0.054228 0.113154
1 0.470588 0.160948 0.088848 0.142157
