2 0.504667 0.571000 0.160000 0.179500
1 0.525000 0.242500 0.137333 0.175500
2 0.752500 0.329250 0.063000 0.131500
0 0.708500 0.593750 0.032333 0.049500
2 0.769833 0.745875 0.133000 0.139750
0 0.677500 0.197000 0.017667 0.069000
2 0.655167 0.164625 0.063667 0.132750
0 0.770667 0.369625 0.021333 0.046750
1 0.818167 0.343000 0.193000 0.156500
0 0.884000 0.284250 0.027333 0.070500
0 0.742000 0.416500 0.043333 0.050500
2 0.759500 0.398625 0.078333 0.087250
1 0.708333 0.429875 0.141333 0.109750
2 0.693833 0.595375 0.060333 0.077750
0 0.843000 0.625750 0.024000 0.030000
2 0.833000 0.604625 0.047333 0.092750
0 0.785833 0.774375 0.099000 0.079250
0 0.435500 0.576125 0.021667 0.166250
1 0.416667 0.588625 0.338000 0.216250
0 0.275333 0.770375 0.024667 0.037250
2 0.273833 0.753000 0.085667 0.076500
0 0.514500 0.249500 0.021667 0.081500
2 0.549667 0.222250 0.090667 0.135000
0 0.165000 0.209250 0.025333 0.114000
2 0.130000 0.210500 0.098000 0.113500
0 0.272000 0.302000 0.082000 0.056000
2 0.342667 0.297000 0.224667 0.066000
1 0.343000 0.304375 0.224000 0.084750
0 0.102667 0.760625 0.118000 0.090750
0 0.041000 0.473750 0.060000 0.112500
0 0.844167 0.069000 0.039000 0.075000
0 0.895167 0.161125 0.053000 0.134250
0 0.142333 0.105500 0.047333 0.038000
0 0.383667 0.028250 0.014000 0.026000
0 0.516667 0.123375 0.046000 0.056750
