0 0.707667 0.382750 0.066667 0.076000
2 0.459833 0.694750 0.039667 0.070000
0 0.466667 0.374375 0.058000 0.103250
2 0.842333 0.353750 0.058667 0.074000
2 0.775667 0.479250 0.060000 0.109500
1 0.314167 0.129750 0.073000 0.088500
2 0.143833 0.491875 0.058333 0.053250
0 0.084000 0.466125 0.036000 0.038750
0 0.242333 0.385875 0.033333 0.053250
0 0.686833 0.205750 0.039000 0.047000
0 0.316333 0.124750 0.018000 0.044000
2 0.329167 0.118500 0.045667 0.065000
0 0.131167 0.491000 0.015667 0.050000
0 0.078000 0.041625 0.016667 0.072250
2 0.066333 0.042125 0.035333 0.073250
1 0.079000 0.062875 0.060667 0.115750
2 0.454000 0.387500 0.082000 0.128500
0 0.403333 0.472875 0.009333 0.035750
0 0.385167 0.478875 0.017000 0.070750
0 0.345333 0.522500 0.030000 0.073500
2 0.338167 0.520000 0.045667 0.093500
0 0.763333 0.519625 0.034000 0.028250
1 0.757500 0.496000 0.095000 0.144000
0 0.806167 0.503625 0.012333 0.028750
2 0.814167 0.504875 0.018333 0.029250
1 0.807333 0.500500 0.033333 0.042500
0 0.451833 0.689375 0.009667 0.059250
0 0.526000 0.550250 0.008667 0.052500
2 0.522500 0.568750 0.059667 0.090500
0 0.821000 0.363000 0.018667 0.055500
0 0.530333 0.265125 0.008667 0.046750
0 0.514000 0.316375 0.015333 0.035750
2 0.512333 0.321375 0.033333 0.046250
0 0.617667 0.039750 0.022667 0.042500
2 0.633167 0.046125 0.053667 0.070750
0 0.065333 0.859125 0.056667 0.041250
2 0.092333 0.852750 0.114000 0.057500
0 0.129000 0.558500 0.022000 0.044000
0 0.496000 0.206750 0.020667 0.038500
0 0.496333 0.265875 0.028000 0.041250
0 0.686167 0.249125 0.007000 0.038750
2 0.696667 0.253000 0.047333 0.049500
1 0.502167 0.582375 0.101667 0.117750
0 0.564833 0.153000 0.013667 0.054000
2 0.580667 0.160125 0.042667 0.065750
0 0.864167 0.020250 0.012333 0.040000
2 0.870667 0.025250 0.022667 0.045000
1 0.876500 0.048875 0.085000 0.092250
0 0.134000 0.313500 0.022000 0.036000
2 0.099333 0.320750 0.088667 0.063000
0 0.146667 0.286875 0.019333 0.047750
2 0.136667 0.293750 0.050000 0.069000
0 0.728167 0.235875 0.010333 0.034750
0 0.520000 0.633375 0.052667 0.098250
2 0.563833 0.645875 0.137667 0.121250
1 0.563500 0.662500 0.138333 0.155500
0 0.674000 0.446250 0.023333 0.039000
0 0.305333 0.215500 0.015333 0.023500
2 0.284500 0.197125 0.054333 0.059250
0 0.110167 0.197750 0.009667 0.020500
2 0.101833 0.193500 0.022333 0.029500
0 0.295333 0.325750 0.019333 0.025500
2 0.308500 0.331250 0.045667 0.037500
0 0.471500 0.290625 0.013667 0.028250
2 0.467667 0.270500 0.024000 0.069000
0 0.343833 0.858500 0.071667 0.057000
0 0.564833 0.242625 0.031000 0.061250
0 0.073833 0.376000 0.030333 0.056500
0 0.722667 0.112500 0.016667 0.034500
0 0.129167 0.232625 0.055000 0.031250
0 0.190000 0.270125 0.018000 0.028750
2 0.204167 0.256750 0.047667 0.056000
1 0.204167 0.269500 0.051000 0.082000
0 0.443667 0.244750 0.008000 0.022500
2 0.443167 0.254875 0.025667 0.042250
