2 0.535833 0.439625 0.059000 0.135750
1 0.422833 0.432250 0.075000 0.227000
0 0.858333 0.643750 0.054000 0.062500
0 0.549000 0.470750 0.034000 0.069500
1 0.585500 0.465250 0.156333 0.189000
0 0.403000 0.413000 0.034667 0.144500
2 0.414500 0.407500 0.059667 0.194500
0 0.830167 0.565250 0.022333 0.043500
2 0.857500 0.647625 0.053000 0.071250
0 0.093333 0.762000 0.049333 0.061000
0 0.757000 0.137000 0.014000 0.051000
2 0.759333 0.148250 0.033333 0.075000
0 0.814167 0.312000 0.029667 0.093500
2 0.838000 0.331625 0.105333 0.133750
0 0.340500 0.330500 0.014333 0.019500
0 0.339500 0.317875 0.006333 0.016250
0 0.361667 0.314625 0.008667 0.027250
0 0.173167 0.317625 0.010333 0.042750
2 0.159000 0.317625 0.038667 0.077750
0 0.135833 0.324125 0.025667 0.036250
0 0.960500 0.294875 0.079000 0.091750
0 0.867333 0.198375 0.074000 0.067250
0 0.983333 0.695625 0.033333 0.045750
