0 0.255333 0.120500 0.015333 0.045000
2 0.803833 0.104250 0.067000 0.126500
0 0.548333 0.397625 0.024000 0.067750
2 0.862500 0.563000 0.107667 0.083000
0 0.908833 0.615125 0.061667 0.062250
0 0.323667 0.322375 0.034667 0.048750
0 0.247333 0.460125 0.025333 0.025750
2 0.711500 0.589000 0.093000 0.085500
2 0.253333 0.110500 0.026667 0.065500
0 0.231167 0.198000 0.024333 0.029000
0 0.191167 0.317750 0.023667 0.039500
2 0.242333 0.444125 0.048000 0.057750
0 0.456667 0.436000 0.015333 0.053000
2 0.473000 0.417375 0.051333 0.094750
2 0.539333 0.389875 0.044667 0.083750
1 0.569667 0.402125 0.104000 0.106750
0 0.161500 0.503625 0.015000 0.031750
0 0.018667 0.306750 0.014667 0.051500
2 0.029833 0.300000 0.039667 0.114000
0 0.469167 0.054750 0.011000 0.052500
2 0.452500 0.060375 0.043667 0.065250
0 0.093167 0.134875 0.014333 0.022250
0 0.147667 0.046000 0.025333 0.067000
2 0.154833 0.055625 0.038333 0.088750
0 0.268000 0.075500 0.013333 0.053500
2 0.279167 0.080500 0.039667 0.063500
1 0.260667 0.088375 0.078000 0.082250
0 0.607500 0.201000 0.015000 0.046000
0 0.598500 0.257375 0.017667 0.020250
0 0.516667 0.116875 0.013333 0.040750
0 0.416000 0.118500 0.022000 0.078000
0 0.473333 0.573250 0.012667 0.038500
0 0.302500 0.694000 0.033667 0.044000
0 0.242667 0.665375 0.032000 0.048750
0 0.148500 0.687125 0.018333 0.035250
2 0.160667 0.690625 0.039333 0.040250
0 0.681667 0.610875 0.037333 0.042250
0 0.821833 0.561625 0.022333 0.060750
0 0.958167 0.537000 0.083667 0.072500
2 0.945333 0.546875 0.108667 0.092250
2 0.932167 0.650000 0.135667 0.134000
0 0.706000 0.480500 0.017333 0.030500
0 0.800000 0.397500 0.010000 0.039000
2 0.794167 0.368375 0.032333 0.097750
0 0.963333 0.358125 0.073333 0.068750
2 0.938667 0.329000 0.122667 0.192500
1 0.821833 0.379625 0.087000 0.119250
0 0.726333 0.377250 0.022000 0.072500
2 0.759500 0.369500 0.091667 0.087500
1 0.685833 0.379250 0.243000 0.141500
0 0.823333 0.090875 0.026000 0.098750
1 0.863833 0.138625 0.185000 0.195250
0 0.810333 0.148500 0.072000 0.085500
0 0.833333 0.266125 0.023333 0.054750
2 0.827833 0.263875 0.034333 0.060250
0 0.745333 0.240375 0.009333 0.018750
2 0.742000 0.247500 0.016667 0.032000
0 0.801167 0.207500 0.053667 0.023000
1 0.687167 0.607750 0.143000 0.122500
