2 0.107000 0.411250 0.123333 0.131000
1 0.391833 0.582375 0.345000 0.250750
0 0.062667 0.737250 0.050000 0.066000
0 0.337500 0.285875 0.048333 0.115750
0 0.433000 0.557625 0.061333 0.198750
2 0.341667 0.558000 0.244000 0.200500
0 0.086167 0.415250 0.077000 0.083500
2 0.080000 0.744500 0.083333 0.079500
0 0.083833 0.960125 0.038333 0.079750
2 0.052833 0.957875 0.101667 0.084250
0 0.424167 0.327750 0.021000 0.050000
0 0.875667 0.315125 0.050000 0.109250
2 0.837667 0.317500 0.129333 0.144500
0 0.725000 0.207250 0.010667 0.023500
2 0.717000 0.208125 0.031333 0.026250
1 0.114167 0.420750 0.209667 0.150000
0 0.246167 0.280625 0.047000 0.047750
2 0.259667 0.238250 0.074667 0.158000
1 0.204333 0.251125 0.194000 0.180250
0 0.770167 0.555875 0.078333 0.027250
2 0.793833 0.535875 0.125667 0.068750
