2 0.415333 0.481250 0.284667 0.283500
0 0.136000 0.186625 0.028000 0.035750
0 0.531333 0.494875 0.054000 0.139750
1 0.527500 0.493750 0.509667 0.307000
0 0.069833 0.741375 0.058333 0.114750
0 0.769833 0.605750 0.025000 0.050000
2 0.782500 0.607375 0.051667 0.072750
0 0.801833 0.769625 0.023667 0.032250
2 0.804833 0.778375 0.058333 0.051250
1 0.796500 0.763125 0.076333 0.085250
0 0.112333 0.834375 0.043333 0.040250
2 0.107500 0.844875 0.075667 0.060250
0 0.240333 0.824125 0.017333 0.018750
2 0.250667 0.829625 0.034667 0.031750
2 0.132833 0.194000 0.059667 0.050500
1 0.145833 0.200375 0.087000 0.085750
0 0.296167 0.143500 0.009000 0.041500
2 0.281000 0.130125 0.039333 0.092250
1 0.299833 0.149750 0.075667 0.133500
0 0.454500 0.286250 0.030333 0.037500
0 0.581000 0.402250 0.027333 0.034000
2 0.604833 0.408250 0.073667 0.049500
0 0.744167 0.236750 0.019000 0.033500
2 0.738500 0.245250 0.051667 0.050500
0 0.914333 0.264750 0.018000 0.024000
0 0.491667 0.317625 0.050000 0.038750
