1 0.531167 0.465000 0.517000 0.274000
2 0.155667 0.465000 0.151333 0.113500
0 0.148500 0.571875 0.057000 0.118750
1 0.800000 0.908875 0.393333 0.132250
0 0.095833 0.468625 0.031667 0.106250
2 0.088833 0.588500 0.171000 0.150000
0 0.548500 0.411875 0.157000 0.169750
2 0.627833 0.419250 0.307000 0.180000
0 0.785333 0.907250 0.086000 0.027000
2 0.717333 0.896875 0.222000 0.097750
0 0.069167 0.105125 0.026333 0.034250
2 0.082167 0.113625 0.053667 0.055750
0 0.874500 0.265625 0.034333 0.047250
0 0.657000 0.197500 0.016000 0.041500
0 0.131000 0.312250 0.012000 0.030000
0 0.255500 0.327250 0.019000 0.029500
0 0.489333 0.113125 0.021333 0.036250
0 0.389000 0.075000 0.017333 0.038500
