2 0.383833 0.662375 0.119000 0.084750
2 0.896500 0.649500 0.097000 0.086500
0 0.024667 0.740625 0.026000 0.026750
2 0.391500 0.742375 0.035000 0.058250
0 0.174333 0.856625 0.047333 0.034750
2 0.565833 0.479750 0.091667 0.088500
0 0.449167 0.302000 0.013000 0.032000
0 0.444500 0.209000 0.053000 0.051500
2 0.439500 0.215500 0.081667 0.064500
0 0.348167 0.230375 0.022333 0.047750
0 0.782667 0.297500 0.040667 0.063500
0 0.816667 0.313125 0.026000 0.103250
2 0.858667 0.322000 0.108667 0.121000
0 0.464833 0.267250 0.022333 0.023500
0 0.443167 0.133125 0.013667 0.022250
0 0.416667 0.045000 0.018000 0.039500
2 0.431000 0.044750 0.044000 0.040000
0 0.337500 0.107375 0.019000 0.031750
2 0.329000 0.222000 0.057333 0.065500
0 0.271333 0.101125 0.022000 0.036750
0 0.093500 0.151750 0.038333 0.061500
0 0.230333 0.153500 0.024667 0.039500
0 0.225333 0.191375 0.032000 0.039750
2 0.245333 0.206750 0.065333 0.070500
0 0.019000 0.290000 0.035333 0.046000
2 0.028500 0.297625 0.052333 0.060750
0 0.289000 0.333375 0.038000 0.043750
0 0.371500 0.421500 0.024333 0.041000
0 0.343667 0.416750 0.029333 0.056000
0 0.349667 0.467750 0.019333 0.049500
2 0.335000 0.458500 0.054667 0.076000
0 0.258833 0.482750 0.015667 0.047500
2 0.260667 0.477250 0.024667 0.080000
0 0.150000 0.470375 0.014000 0.072250
0 0.433667 0.654250 0.021333 0.071000
1 0.426500 0.665875 0.202333 0.091750
0 0.392833 0.734625 0.019000 0.038250
2 0.023500 0.734750 0.040333 0.042000
1 0.040167 0.743750 0.072333 0.055500
0 0.152333 0.715750 0.082667 0.041500
2 0.168333 0.716750 0.114000 0.071500
2 0.185000 0.866875 0.068000 0.052750
0 0.338833 0.814750 0.053000 0.030000
2 0.294500 0.847750 0.142333 0.095000
1 0.340833 0.843375 0.235667 0.102750
0 0.443000 0.948250 0.050667 0.081000
0 0.494500 0.497500 0.013000 0.051000
2 0.501833 0.487375 0.030333 0.073250
0 0.124833 0.222625 0.023000 0.072750
0 0.498500 0.037000 0.010333 0.031000
2 0.502833 0.039625 0.017667 0.035750
0 0.669167 0.057250 0.009667 0.033500
0 0.593500 0.480125 0.022333 0.087750
0 0.640667 0.519625 0.021333 0.037250
0 0.644000 0.928625 0.029333 0.045750
2 0.629000 0.928500 0.058000 0.046500
0 0.785333 0.530000 0.018000 0.037000
0 0.621000 0.507000 0.006000 0.019500
0 0.820000 0.454625 0.017333 0.061250
2 0.793167 0.459500 0.071667 0.071000
0 0.774833 0.356000 0.029000 0.032000
0 0.625000 0.296375 0.016667 0.059750
0 0.816833 0.645000 0.051667 0.126000
