0 0.494179 0.242647 0.075980 0.242647
2 0.540901 0.214869 0.171262 0.388889
1 0.501685 0.236928 0.249694 0.437092
0 0.517463 0.541258 0.036152 0.100490
2 0.488358 0.468954 0.103554 0.263889
1 0.544884 0.501838 0.215380 0.328023
0 0.940870 0.982230 0.118260 0.035539
2 0.923254 0.937092 0.151654 0.125817
0 0.728401 0.782475 0.029105 0.116422
2 0.766697 0.788807 0.104473 0.130719
0 0.232230 0.314951 0.026961 0.096405
2 0.224724 0.283088 0.063419 0.208333
1 0.250000 0.316585 0.113971 0.277778
0 0.233456 0.809845 0.083946 0.195670
2 0.147059 0.839665 0.258578 0.251225
