2 0.528500 0.559875 0.103000 0.217750
1 0.288167 0.774000 0.269667 0.073000
0 0.408333 0.430250 0.062667 0.087500
0 0.264667 0.180750 0.050000 0.101000
0 0.682000 0.323500 0.034667 0.061500
0 0.548000 0.590125 0.069333 0.159250
1 0.591667 0.582375 0.237333 0.266750
0 0.306167 0.772250 0.075000 0.074000
2 0.250000 0.773500 0.184667 0.074000
0 0.656833 0.686125 0.040333 0.098750
0 0.972500 0.381750 0.055000 0.076000
2 0.950667 0.396875 0.094667 0.108250
0 0.018333 0.167375 0.035333 0.044750
0 0.162500 0.212125 0.021000 0.036750
0 0.161000 0.179875 0.026000 0.039250
2 0.693500 0.336375 0.061000 0.084250
0 0.363667 0.186875 0.024000 0.049750
0 0.509500 0.269875 0.027000 0.045250
0 0.433000 0.078875 0.047333 0.036750
0 0.693167 0.086375 0.017667 0.046250
0 0.449667 0.356250 0.017333 0.039000
0 0.465333 0.361375 0.015333 0.036750
2 0.474667 0.352875 0.032667 0.081750
0 0.273667 0.507125 0.017333 0.042250
0 0.333333 0.528500 0.015333 0.065000
2 0.341000 0.540250 0.028667 0.086000
1 0.333500 0.529000 0.046333 0.107000
0 0.714000 0.952750 0.031333 0.030500
2 0.680500 0.929125 0.099667 0.077750
0 0.635667 0.525250 0.034000 0.046500
0 0.716333 0.032625 0.019333 0.041250
0 0.202333 0.612625 0.022667 0.052750
2 0.231667 0.606125 0.083333 0.069250
0 0.254333 0.112250 0.040000 0.028500
