0 0.639859 0.164624 0.056679 0.200163
2 0.626225 0.160948 0.085784 0.266340
1 0.626225 0.186070 0.087010 0.316585
0 0.388940 0.321283 0.123468 0.381127
2 0.340686 0.345792 0.223039 0.493056
1 0.340993 0.418096 0.222426 0.636029
0 0.740043 0.918709 0.040135 0.162582
2 0.740043 0.918709 0.076287 0.162582
0 0.562500 0.894199 0.041667 0.211601
2 0.540135 0.894608 0.083333 0.210784
0 0.524510 0.950163 0.025123 0.099673
2 0.481618 0.950163 0.110907 0.099673
0 0.235754 0.956495 0.035233 0.087010
2 0.198070 0.921977 0.110600 0.156046
