2 0.442333 0.095500 0.096000 0.087500
1 0.577667 0.175250 0.095333 0.150500
1 0.547500 0.390375 0.100333 0.079750
1 0.469500 0.570375 0.195667 0.157250
2 0.624167 0.655125 0.085000 0.081250
0 0.393000 0.624500 0.027333 0.092500
2 0.194833 0.113250 0.056333 0.058500
2 0.211167 0.372375 0.079000 0.071750
0 0.764500 0.374375 0.075000 0.055250
2 0.272000 0.230500 0.035333 0.093500
0 0.463667 0.095125 0.032667 0.084750
0 0.550667 0.168625 0.018667 0.067750
2 0.546500 0.152125 0.030333 0.103250
0 0.238167 0.084625 0.021000 0.052750
0 0.212667 0.110875 0.019333 0.056250
1 0.197167 0.119375 0.062333 0.071250
0 0.264167 0.250000 0.019667 0.054500
1 0.255333 0.237250 0.066000 0.108000
0 0.077167 0.118125 0.013667 0.022250
2 0.081500 0.123625 0.022333 0.034250
1 0.090667 0.131000 0.040667 0.048000
0 0.555500 0.384250 0.012333 0.063000
2 0.572333 0.384000 0.049333 0.062500
0 0.235000 0.372500 0.030000 0.070000
0 0.465667 0.545125 0.032667 0.105250
2 0.507000 0.545125 0.115333 0.105250
2 0.404167 0.627500 0.055667 0.102000
0 0.825333 0.596750 0.046667 0.072000
2 0.806500 0.597250 0.078333 0.074000
1 0.816833 0.610625 0.153667 0.101750
0 0.322833 0.372250 0.016333 0.069500
2 0.316333 0.378250 0.028000 0.082500
1 0.286333 0.389375 0.085333 0.101750
0 0.151667 0.378250 0.025333 0.047000
2 0.134000 0.376375 0.056667 0.052750
1 0.137833 0.370875 0.062333 0.073250
0 0.600000 0.672875 0.038000 0.046750
0 0.408333 0.753375 0.014000 0.015250
2 0.426500 0.755500 0.054333 0.039000
0 0.402167 0.886750 0.040333 0.032000
2 0.417667 0.886625 0.067333 0.095250
1 0.389500 0.873375 0.127000 0.122750
0 0.213000 0.791250 0.080000 0.014000
2 0.199000 0.815750 0.106667 0.063000
0 0.661167 0.824125 0.009667 0.010250
2 0.667667 0.842125 0.025333 0.044250
0 0.855000 0.804875 0.034667 0.030250
2 0.856500 0.779875 0.063667 0.093250
0 0.444667 0.483500 0.034000 0.082000
2 0.480833 0.482875 0.102333 0.081250
0 0.283667 0.166125 0.024000 0.034250
2 0.285500 0.152500 0.027667 0.061500
0 0.138833 0.544375 0.029667 0.046250
0 0.022833 0.516750 0.019667 0.025000
