0 0.191023 0.487745 0.062194 0.160948
2 0.209712 0.354371 0.118566 0.432598
1 0.160080 0.447508 0.221507 0.614788
0 0.052390 0.313521 0.031250 0.128676
2 0.038297 0.324346 0.072304 0.151144
0 0.324142 0.695670 0.033088 0.070261
2 0.419577 0.636029 0.225184 0.260621
0 0.789982 0.296160 0.065870 0.167484
2 0.764859 0.265523 0.116115 0.326797
1 0.803768 0.315972 0.190870 0.433415
0 0.939798 0.538194 0.120404 0.146650
2 0.897672 0.542688 0.204657 0.179330
0 0.467984 0.948121 0.037684 0.028595
2 0.470282 0.910948 0.044118 0.102941
1 0.501685 0.924020 0.111826 0.125000
