2 0.449667 0.344125 0.069333 0.052250
1 0.147833 0.590500 0.053667 0.043500
2 0.290333 0.603500 0.037333 0.048500
2 0.741667 0.418250 0.054000 0.049000
0 0.027833 0.373375 0.021000 0.030250
2 0.533833 0.820500 0.077667 0.071000
0 0.751333 0.646875 0.037333 0.056250
0 0.597833 0.352625 0.022333 0.034250
0 0.048000 0.340125 0.018000 0.016750
0 0.556833 0.459875 0.023667 0.032250
2 0.072667 0.184250 0.016000 0.025500
2 0.811167 0.321375 0.029000 0.030250
2 0.818667 0.878625 0.052667 0.026250
2 0.200167 0.355375 0.029667 0.044250
2 0.411333 0.174875 0.035333 0.045750
2 0.494667 0.187875 0.043333 0.046250
0 0.356333 0.046625 0.007333 0.025750
2 0.360333 0.040125 0.015333 0.044250
1 0.348167 0.041125 0.042333 0.055750
0 0.234333 0.115500 0.011333 0.037000
2 0.228833 0.115375 0.024333 0.036750
1 0.243667 0.121250 0.052000 0.048000
1 0.127000 0.040500 0.017333 0.036500
2 0.130500 0.044625 0.025667 0.041750
0 0.045667 0.012000 0.010000 0.023500
0 0.035333 0.034875 0.036667 0.031250
0 0.093167 0.153125 0.010333 0.026750
2 0.085500 0.153000 0.031000 0.036500
0 0.075500 0.185625 0.013667 0.022250
1 0.077500 0.186125 0.023000 0.028250
0 0.364500 0.243875 0.011000 0.023750
0 0.131500 0.243250 0.007000 0.023500
2 0.132333 0.230250 0.012000 0.050000
1 0.160333 0.237625 0.068000 0.063250
0 0.194500 0.354000 0.009667 0.031500
0 0.464833 0.345875 0.035667 0.035250
1 0.453000 0.353125 0.075333 0.069250
0 0.416333 0.175750 0.013333 0.043500
0 0.503667 0.183875 0.025333 0.038250
0 0.461667 0.159750 0.014667 0.037000
2 0.458000 0.164500 0.020667 0.047500
1 0.463500 0.164625 0.029000 0.047250
0 0.267833 0.073000 0.004333 0.021000
2 0.266500 0.073250 0.019667 0.022500
0 0.449000 0.050625 0.010667 0.022750
0 0.143333 0.584125 0.007333 0.025750
2 0.142667 0.583750 0.022000 0.029000
0 0.277167 0.609875 0.008333 0.034750
1 0.270000 0.616125 0.080667 0.073750
0 0.189667 0.882375 0.038667 0.029250
2 0.165000 0.853500 0.104000 0.087500
0 0.326000 0.858375 0.018667 0.020250
0 0.083333 0.980875 0.024667 0.016250
2 0.067833 0.963125 0.058333 0.051750
0 0.022667 0.766000 0.026000 0.045000
0 0.167833 0.780000 0.035000 0.047000
0 0.521500 0.842500 0.045000 0.026500
0 0.654500 0.883250 0.023667 0.022000
2 0.672833 0.888375 0.060333 0.034250
0 0.451333 0.534750 0.010667 0.030000
2 0.448000 0.537375 0.026667 0.035750
0 0.403833 0.551625 0.010333 0.018250
2 0.406000 0.543125 0.014000 0.035250
0 0.137667 0.519875 0.028000 0.026250
2 0.133667 0.509875 0.036000 0.045250
0 0.484667 0.217625 0.022000 0.031750
0 0.499000 0.237625 0.030667 0.023250
0 0.503667 0.085750 0.018000 0.036000
2 0.496167 0.085000 0.033667 0.054500
0 0.469167 0.073750 0.019667 0.044500
0 0.410333 0.120750 0.008667 0.025000
0 0.309833 0.291625 0.031000 0.086750
0 0.305167 0.176375 0.012333 0.024750
0 0.122667 0.192000 0.009333 0.022000
2 0.117000 0.196750 0.020667 0.032000
0 0.390833 0.696750 0.041000 0.061500
0 0.462167 0.234750 0.016333 0.018500
0 0.302167 0.065625 0.007667 0.033750
0 0.115833 0.052500 0.029000 0.031000
1 0.195000 0.360625 0.052000 0.055750
0 0.507833 0.587625 0.019000 0.045250
2 0.030000 0.327125 0.053333 0.042250
0 0.434833 0.172875 0.011000 0.040250
0 0.208333 0.166250 0.012667 0.027500
0 0.346167 0.562375 0.031667 0.018750
