0 0.232230 0.261029 0.136642 0.208333
2 0.208333 0.314951 0.225490 0.312092
1 0.274969 0.377859 0.363664 0.427288
0 0.518229 0.043505 0.017463 0.046160
2 0.511029 0.039011 0.033088 0.077206
1 0.528799 0.055760 0.066789 0.109886
0 0.529565 0.598856 0.090380 0.056373
2 0.579350 0.657475 0.194853 0.176062
1 0.559896 0.595588 0.232537 0.305556
0 0.170190 0.905229 0.084865 0.040850
2 0.185202 0.852124 0.113051 0.148693
1 0.196844 0.888889 0.132047 0.222222
0 0.614124 0.811479 0.026654 0.054330
2 0.605086 0.812908 0.044730 0.080882
1 0.610907 0.826185 0.058211 0.113154
0 0.756587 0.317606 0.011949 0.029820
2 0.766085 0.325572 0.029105 0.045752
1 0.757812 0.317606 0.046875 0.061683
0 0.710784 0.205270 0.021446 0.028186
2 0.705729 0.190972 0.032782 0.066585
0 0.872855 0.070261 0.007966 0.024510
2 0.868413 0.077819 0.018689 0.039624
1 0.882506 0.059845 0.045650 0.075572
