2 0.495500 0.471250 0.159000 0.228000
2 0.450167 0.115250 0.114333 0.214000
2 0.318500 0.856250 0.263000 0.195500
0 0.251333 0.291625 0.120667 0.108250
0 0.423667 0.110000 0.061333 0.167500
0 0.557000 0.473000 0.032667 0.151500
2 0.274500 0.329375 0.170333 0.181250
1 0.541167 0.471625 0.257000 0.227250
0 0.312333 0.434125 0.023333 0.064750
2 0.303667 0.438875 0.054667 0.072250
0 0.859833 0.343125 0.024333 0.072750
0 0.674667 0.357375 0.038667 0.107750
0 0.246833 0.668500 0.015000 0.041500
2 0.215000 0.664125 0.082000 0.064750
0 0.239000 0.448250 0.043333 0.067000
0 0.155167 0.571875 0.024333 0.044750
1 0.430167 0.156875 0.154333 0.293250
0 0.244167 0.841500 0.113000 0.166000
0 0.093500 0.878125 0.119000 0.071250
0 0.012667 0.811000 0.024667 0.149500
0 0.063667 0.565375 0.039333 0.069250
