2 0.104405 0.535223 0.160183 0.231100
2 0.500572 0.476052 0.122998 0.209837
1 0.691219 0.339884 0.186785 0.089132
2 0.579233 0.178587 0.074371 0.068084
2 0.699371 0.165485 0.042906 0.041881
0 0.758724 0.247637 0.012872 0.019330
0 0.696224 0.372960 0.025172 0.029424
2 0.655749 0.341495 0.107265 0.090206
0 0.542906 0.491624 0.040046 0.125000
0 0.063072 0.498389 0.075801 0.157861
0 0.400172 0.480348 0.025172 0.059493
2 0.381579 0.477878 0.057780 0.075172
0 0.148455 0.761705 0.036613 0.050902
2 0.111270 0.742912 0.110984 0.089777
0 0.178490 0.882195 0.054920 0.028995
0 0.184640 0.916022 0.047197 0.021478
2 0.153175 0.854596 0.104405 0.086340
0 0.809497 0.348582 0.034325 0.062285
0 0.882151 0.375644 0.037757 0.073454
0 0.446367 0.510417 0.070080 0.061641
2 0.410183 0.521370 0.142449 0.084837
0 0.910040 0.662049 0.042048 0.052620
0 0.592820 0.186104 0.021453 0.053050
0 0.206951 0.316581 0.017449 0.022766
2 0.180921 0.312070 0.070652 0.041237
0 0.698370 0.250752 0.014588 0.041452
0 0.721968 0.249141 0.013158 0.023196
0 0.701087 0.157861 0.014302 0.026203
0 0.735698 0.227985 0.025744 0.041881
0 0.540332 0.358677 0.008581 0.008162
2 0.545195 0.353952 0.019451 0.027491
0 0.345109 0.554124 0.030034 0.058849
0 0.347254 0.163552 0.006293 0.015679
2 0.342963 0.161834 0.015446 0.019974
0 0.240704 0.266753 0.006579 0.015464
0 0.296339 0.365442 0.005721 0.012672
0 0.313501 0.386061 0.006865 0.013101
0 0.740275 0.537479 0.011442 0.021692
2 0.730835 0.537693 0.028604 0.021692
0 0.882723 0.440185 0.049771 0.041881
2 0.910469 0.447058 0.105835 0.055627
0 0.898455 0.277062 0.012586 0.019330
2 0.891304 0.274592 0.028032 0.023840
1 0.906322 0.278995 0.056922 0.033076
0 0.846253 0.293492 0.021453 0.025988
0 0.953661 0.728093 0.092677 0.038660
0 0.774027 0.131873 0.038902 0.056701
