1 0.563358 0.500322 0.167906 0.158720
1 0.609411 0.847831 0.218822 0.149270
0 0.789617 0.758698 0.050057 0.041881
2 0.265160 0.379296 0.068078 0.040378
0 0.181779 0.601912 0.044336 0.044029
2 0.802775 0.366624 0.038616 0.036512
0 0.856979 0.396155 0.013730 0.035009
0 0.615847 0.685137 0.034325 0.051546
0 0.278890 0.373067 0.014302 0.031787
0 0.319365 0.342247 0.006007 0.025558
2 0.316934 0.341495 0.018307 0.031357
0 0.326230 0.289626 0.009439 0.035438
2 0.314073 0.295747 0.033181 0.045533
0 0.578089 0.524377 0.038902 0.032431
2 0.587958 0.480992 0.059783 0.117483
0 0.116705 0.428909 0.031465 0.027491
0 0.380006 0.572702 0.023741 0.038445
0 0.297912 0.420425 0.024314 0.035868
2 0.287471 0.423432 0.063501 0.040593
0 0.181636 0.170640 0.025744 0.028136
2 0.185927 0.180090 0.036613 0.044888
0 0.375572 0.180305 0.012014 0.026847
2 0.380292 0.184171 0.019737 0.033290
0 0.255149 0.231851 0.007437 0.017397
2 0.255149 0.234536 0.016018 0.022766
0 0.329090 0.187285 0.004863 0.013316
0 0.392019 0.246456 0.006579 0.011813
0 0.359125 0.221113 0.014016 0.021692
0 0.367706 0.288875 0.005435 0.007732
2 0.359125 0.285223 0.023169 0.014605
0 0.398455 0.271263 0.004577 0.009021
0 0.375143 0.246241 0.003719 0.008376
0 0.207523 0.285009 0.027746 0.028780
0 0.327374 0.227771 0.007723 0.021263
2 0.108696 0.428909 0.046339 0.027921
0 0.104834 0.296284 0.017449 0.020833
0 0.135727 0.266216 0.009439 0.031143
0 0.197797 0.248389 0.004291 0.011813
2 0.193364 0.251396 0.013158 0.017826
0 0.379005 0.734107 0.008581 0.024914
2 0.386585 0.734429 0.022025 0.025558
0 0.657609 0.502899 0.008009 0.035009
2 0.653461 0.502792 0.016876 0.034794
0 0.827803 0.510417 0.012014 0.043170
2 0.862843 0.514927 0.080378 0.053050
0 0.992563 0.514390 0.014874 0.032216
0 0.778318 0.531787 0.008581 0.033505
0 0.691505 0.411512 0.046053 0.079467
2 0.677918 0.415700 0.073227 0.087844
0 0.809497 0.366624 0.012586 0.035653
0 0.753003 0.353093 0.006579 0.021907
2 0.765160 0.351375 0.030892 0.026203
1 0.755578 0.358462 0.050057 0.039089
2 0.851259 0.390679 0.024600 0.045962
0 0.664474 0.337307 0.016018 0.019974
2 0.673627 0.339669 0.040046 0.025129
0 0.713101 0.253651 0.008009 0.021907
2 0.696367 0.258484 0.041476 0.031572
0 0.604262 0.288982 0.011156 0.028995
2 0.612557 0.291774 0.027174 0.034149
0 0.979691 0.287908 0.013730 0.027277
2 0.970395 0.294029 0.032323 0.039089
0 0.915046 0.272122 0.015446 0.026203
0 0.934354 0.245812 0.016876 0.023411
0 0.828804 0.240657 0.016304 0.015249
0 0.828947 0.271155 0.040046 0.018256
0 0.796482 0.249785 0.007723 0.018471
0 0.582094 0.246993 0.009725 0.030498
0 0.707809 0.239369 0.006579 0.010954
0 0.568364 0.215099 0.007437 0.014390
2 0.573799 0.215636 0.020595 0.014175
0 0.495280 0.186534 0.006007 0.019545
0 0.506579 0.233140 0.004577 0.015249
2 0.504434 0.235503 0.008867 0.020404
0 0.554634 0.204360 0.004005 0.010524
0 0.720681 0.224012 0.003719 0.010309
0 0.725257 0.223690 0.004291 0.010095
0 0.776888 0.215851 0.010297 0.022766
0 0.796625 0.219072 0.005149 0.011598
2 0.798484 0.220253 0.012872 0.013101
0 0.808352 0.212199 0.004577 0.009450
0 0.881436 0.239046 0.008867 0.009880
2 0.871568 0.245704 0.028604 0.021478
0 0.814073 0.209407 0.004577 0.011168
0 0.838244 0.217569 0.016876 0.021048
0 0.811499 0.166022 0.005149 0.008162
0 0.825086 0.162479 0.005435 0.009235
0 0.842248 0.167955 0.009439 0.013316
0 0.683924 0.134235 0.004005 0.008162
2 0.681350 0.135417 0.008581 0.010954
0 0.579662 0.153351 0.004863 0.009880
2 0.577803 0.153351 0.008009 0.010739
0 0.530892 0.186104 0.002860 0.008806
2 0.532609 0.187070 0.007437 0.011168
0 0.561499 0.180735 0.009153 0.007517
0 0.654605 0.130477 0.011156 0.013960
0 0.725973 0.161834 0.005149 0.009235
0 0.735126 0.161297 0.005149 0.010309
0 0.712529 0.405713 0.004577 0.020619
2 0.708667 0.400344 0.012300 0.031357
1 0.717105 0.406143 0.029748 0.042526
0 0.814073 0.443836 0.007437 0.038445
0 0.775458 0.421929 0.012586 0.028136
0 0.067649 0.387779 0.026030 0.023411
