1 0.297340 0.370597 0.159897 0.127363
2 0.077374 0.880155 0.150172 0.094931
2 0.870852 0.557345 0.070080 0.099656
2 0.181207 0.500644 0.084954 0.060567
2 0.771882 0.255906 0.031178 0.050043
2 0.860984 0.387887 0.067506 0.071306
2 0.525172 0.477126 0.053204 0.085696
1 0.479977 0.657216 0.137300 0.128866
2 0.079376 0.656250 0.088387 0.037586
2 0.535898 0.284042 0.026030 0.056916
2 0.691648 0.503651 0.108696 0.096649
0 0.304777 0.368879 0.019165 0.080112
2 0.270023 0.358570 0.091533 0.099871
0 0.197511 0.493986 0.027746 0.047680
0 0.193936 0.455863 0.068078 0.060782
2 0.229119 0.463595 0.140160 0.091280
0 0.412328 0.400881 0.008867 0.028136
2 0.401459 0.401095 0.030606 0.027706
0 0.363272 0.402169 0.013158 0.021263
2 0.373427 0.404424 0.032323 0.041237
0 0.083095 0.585159 0.007151 0.024699
2 0.062357 0.577212 0.046339 0.041881
1 0.074228 0.580434 0.071796 0.048325
0 0.139302 0.579897 0.005721 0.010739
2 0.143307 0.562178 0.013158 0.048325
1 0.121711 0.562070 0.055778 0.048540
0 0.108124 0.661942 0.030320 0.025773
0 0.256293 0.597186 0.009725 0.033290
2 0.238558 0.602663 0.045767 0.045962
0 0.183781 0.564003 0.006007 0.011168
2 0.187929 0.554338 0.016018 0.032646
0 0.320080 0.640464 0.014302 0.028780
2 0.297054 0.643041 0.060355 0.033935
0 0.510297 0.478093 0.013730 0.073454
1 0.486127 0.491624 0.134153 0.113832
0 0.496711 0.354274 0.007723 0.016967
2 0.492706 0.354167 0.018593 0.024055
0 0.532752 0.276203 0.011728 0.036082
0 0.533896 0.308956 0.013444 0.029424
0 0.451087 0.640571 0.051487 0.091280
2 0.481264 0.646585 0.112986 0.123926
0 0.853833 0.545855 0.033181 0.076246
0 0.881722 0.387887 0.026030 0.070447
0 0.768164 0.246134 0.015160 0.028351
0 0.664903 0.215636 0.011728 0.027921
2 0.669050 0.217784 0.019451 0.043385
1 0.664760 0.226482 0.029176 0.059923
0 0.860126 0.230455 0.017162 0.040378
0 0.989703 0.176869 0.018879 0.035009
2 0.979834 0.167955 0.040332 0.053694
0 0.860841 0.283183 0.006007 0.022122
2 0.866133 0.287049 0.014874 0.033720
0 0.986413 0.265571 0.020881 0.024699
0 0.714531 0.355992 0.009153 0.036297
2 0.711814 0.356100 0.014588 0.036082
0 0.723827 0.330541 0.004291 0.026203
0 0.783324 0.349764 0.011156 0.017397
2 0.788473 0.348582 0.020881 0.021907
1 0.782895 0.350838 0.033181 0.026418
0 0.788616 0.286512 0.007437 0.015034
0 0.742992 0.307560 0.010011 0.016323
0 0.836241 0.347294 0.010584 0.011598
0 0.853261 0.333978 0.005149 0.014175
0 0.674628 0.499141 0.052346 0.088058
0 0.552918 0.184278 0.005149 0.021907
2 0.545767 0.178050 0.017162 0.033935
1 0.554777 0.182131 0.034611 0.040378
0 0.589674 0.273518 0.006579 0.019545
2 0.593822 0.278887 0.012586 0.030713
0 0.581951 0.315936 0.008295 0.030498
2 0.577803 0.324635 0.017162 0.048325
0 0.581236 0.226804 0.008581 0.024485
2 0.590103 0.223046 0.028604 0.041452
0 0.527603 0.229274 0.024314 0.028995
2 0.539188 0.241087 0.044050 0.049613
0 0.491133 0.496456 0.012586 0.046177
0 0.655749 0.636920 0.010011 0.057345
