2 0.037328 0.267397 0.055778 0.051546
2 0.455950 0.458870 0.060641 0.084407
1 0.375143 0.580434 0.132437 0.112758
2 0.659039 0.646048 0.077803 0.060137
1 0.647168 0.385631 0.175915 0.166452
2 0.158181 0.197058 0.057208 0.074098
2 0.918621 0.605455 0.083810 0.102663
0 0.607551 0.732710 0.039474 0.089562
2 0.030177 0.403243 0.038616 0.033290
1 0.441362 0.868020 0.060069 0.060782
2 0.231407 0.311963 0.063501 0.039734
2 0.752431 0.593320 0.058638 0.054768
0 0.658753 0.239798 0.022883 0.043600
2 0.804634 0.218535 0.028604 0.031143
2 0.101688 0.513101 0.032895 0.044674
0 0.649314 0.382625 0.034325 0.096005
2 0.682208 0.367805 0.102975 0.127792
0 0.476688 0.459407 0.019165 0.079897
0 0.511299 0.481744 0.044336 0.109536
2 0.449085 0.496456 0.165904 0.136813
0 0.357265 0.567869 0.029176 0.092784
2 0.391590 0.571950 0.097826 0.092354
0 0.100543 0.330004 0.015160 0.041452
2 0.112271 0.329790 0.038616 0.041881
0 0.213244 0.308741 0.027174 0.026847
0 0.120137 0.281680 0.011442 0.031572
0 0.051916 0.364369 0.010584 0.029424
2 0.044479 0.360610 0.027174 0.039089
0 0.026602 0.398518 0.014302 0.020404
0 0.163759 0.379403 0.018593 0.018686
2 0.151602 0.356637 0.042906 0.065507
1 0.168907 0.372101 0.078661 0.095576
0 0.554348 0.324850 0.022883 0.024699
2 0.544479 0.317869 0.041476 0.045103
0 0.698370 0.284901 0.009439 0.025129
2 0.709525 0.285653 0.030034 0.025773
0 0.827374 0.544996 0.012872 0.033290
2 0.811785 0.540163 0.042906 0.045103
0 0.932208 0.600945 0.052059 0.077320
1 0.890303 0.616731 0.144451 0.123926
0 0.463101 0.876074 0.016590 0.041237
1 0.461670 0.849764 0.100686 0.134665
0 0.673341 0.660438 0.046339 0.030069
0 0.894594 0.789304 0.027174 0.062285
2 0.933352 0.791559 0.102975 0.089132
0 0.108410 0.529424 0.008009 0.012887
1 0.107265 0.519008 0.042906 0.056486
0 0.984840 0.461555 0.011442 0.018900
2 0.970824 0.463381 0.042334 0.026847
0 0.278175 0.636276 0.015732 0.031143
0 0.364846 0.798432 0.021453 0.050473
0 0.676916 0.187930 0.009439 0.030069
2 0.673055 0.193299 0.031465 0.040808
0 0.220395 0.496671 0.018593 0.031143
0 0.493421 0.328930 0.011442 0.017826
0 0.470681 0.331615 0.012872 0.034794
0 0.352546 0.422895 0.012872 0.031787
0 0.428490 0.401095 0.014302 0.020404
0 0.289331 0.404639 0.012300 0.018900
0 0.356264 0.392290 0.010011 0.016538
0 0.824657 0.406787 0.008581 0.018900
0 0.476688 0.172680 0.007723 0.033935
2 0.482838 0.172680 0.020023 0.036942
0 0.524600 0.239154 0.006865 0.020404
2 0.522168 0.241624 0.012300 0.026203
0 0.661899 0.279317 0.011442 0.022122
0 0.189073 0.662908 0.048627 0.065507
2 0.180349 0.671284 0.092391 0.083119
0 0.410612 0.307990 0.006579 0.018041
2 0.403604 0.308312 0.020023 0.018686
0 0.472397 0.230455 0.003146 0.014605
2 0.474971 0.231100 0.009439 0.015034
0 0.219537 0.383054 0.018021 0.041881
2 0.228833 0.393256 0.036613 0.062285
0 0.444937 0.301332 0.015160 0.014605
0 0.107695 0.264497 0.015732 0.033290
0 0.349542 0.328608 0.005721 0.021907
2 0.348827 0.325172 0.012872 0.031357
0 0.295338 0.382088 0.007723 0.021478
