1 0.263500 0.528875 0.191000 0.188750
2 0.316667 0.848000 0.218000 0.121000
2 0.539167 0.239250 0.067000 0.121500
2 0.656500 0.700375 0.066333 0.135750
2 0.661000 0.527625 0.176000 0.172250
2 0.978500 0.301875 0.029667 0.101250
2 0.805833 0.259375 0.073667 0.093750
2 0.077333 0.709000 0.154000 0.054500
2 0.022333 0.835250 0.044000 0.113500
0 0.735333 0.395750 0.040667 0.087000
0 0.323000 0.519125 0.017333 0.093750
2 0.325333 0.505500 0.043333 0.141500
0 0.703833 0.515125 0.047667 0.144750
0 0.875000 0.518750 0.045333 0.103500
2 0.886333 0.519875 0.066667 0.102250
0 0.362667 0.804750 0.100000 0.033500
0 0.524167 0.222125 0.031667 0.085250
0 0.821833 0.250000 0.041000 0.074000
0 0.132167 0.717000 0.046333 0.041000
0 0.666167 0.723625 0.043000 0.090250
0 0.661833 0.241125 0.030333 0.085750
0 0.364167 0.279500 0.030333 0.063500
0 0.824833 0.151625 0.024333 0.068250
0 0.184333 0.450000 0.029333 0.062500
