0 0.693333 0.117250 0.022667 0.062500
1 0.098000 0.290625 0.064667 0.073250
2 0.514833 0.440500 0.147667 0.080000
2 0.489833 0.241125 0.111000 0.078750
1 0.175833 0.482500 0.207000 0.135000
2 0.127667 0.879000 0.228000 0.139500
1 0.894500 0.279875 0.074333 0.110750
1 0.650167 0.173625 0.067000 0.094750
0 0.095500 0.027000 0.047667 0.053500
1 0.854667 0.923250 0.262667 0.153500
0 0.845167 0.485750 0.145667 0.162500
0 0.512333 0.104625 0.016667 0.037250
1 0.383167 0.452000 0.129000 0.074500
1 0.841000 0.172125 0.079333 0.091750
2 0.647833 0.909375 0.113667 0.102250
0 0.623500 0.185500 0.015000 0.067500
1 0.617833 0.189875 0.135667 0.127250
0 0.900667 0.283750 0.038000 0.046000
2 0.900000 0.266750 0.039333 0.079000
0 0.476000 0.194375 0.055333 0.061250
0 0.446500 0.263375 0.023667 0.025750
0 0.371833 0.446250 0.018333 0.055000
2 0.349500 0.443750 0.058333 0.060000
0 0.560667 0.434000 0.056667 0.065500
0 0.084333 0.314250 0.032667 0.025000
0 0.250667 0.494250 0.024000 0.054500
2 0.254000 0.470125 0.049333 0.107250
0 0.059333 0.500500 0.017333 0.041000
2 0.039667 0.490875 0.050667 0.061250
0 0.208167 0.858375 0.056333 0.098250
0 0.700000 0.683000 0.066667 0.070500
0 0.833333 0.328125 0.089333 0.073250
0 0.142333 0.349125 0.030000 0.027750
2 0.170500 0.327000 0.086333 0.071000
1 0.152500 0.334375 0.119000 0.084750
2 0.134000 0.041125 0.124000 0.081250
2 0.534000 0.101000 0.062000 0.073000
0 0.578667 0.076875 0.024000 0.045250
2 0.591667 0.059750 0.050000 0.082000
0 0.860333 0.172000 0.042667 0.091000
0 0.762500 0.629250 0.012333 0.047000
2 0.780000 0.623875 0.047333 0.058750
0 0.897667 0.962500 0.136000 0.075000
0 0.606500 0.727750 0.042333 0.032000
2 0.610833 0.689375 0.051000 0.107750
0 0.623333 0.885625 0.031333 0.050750
0 0.673667 0.395875 0.050667 0.050250
0 0.990167 0.615500 0.019667 0.055000
1 0.801000 0.631375 0.087333 0.073750
0 0.756333 0.184750 0.012667 0.032000
0 0.971000 0.243375 0.050000 0.045250
2 0.973667 0.203500 0.052667 0.126500
0 0.714833 0.581750 0.022333 0.050000
2 0.698000 0.575375 0.055333 0.064250
