2 0.343500 0.598125 0.127667 0.082750
0 0.798667 0.562750 0.036000 0.037500
2 0.647000 0.401000 0.044000 0.040500
2 0.168000 0.821875 0.056667 0.050750
2 0.740333 0.752500 0.072667 0.067000
0 0.569500 0.339750 0.024333 0.079500
2 0.541500 0.340625 0.080333 0.080250
1 0.570000 0.344875 0.134000 0.088750
0 0.646833 0.412250 0.041000 0.015500
0 0.694333 0.435750 0.016000 0.049000
2 0.712833 0.435750 0.051667 0.049000
0 0.378667 0.590625 0.057333 0.068750
0 0.461500 0.505375 0.029667 0.149250
2 0.394333 0.503750 0.181333 0.156500
1 0.465167 0.516750 0.321667 0.183500
0 0.722500 0.516625 0.023000 0.025250
2 0.712833 0.520125 0.042333 0.030750
0 0.187500 0.822875 0.021000 0.048750
0 0.758333 0.745500 0.038667 0.054000
0 0.685167 0.794750 0.031667 0.035500
0 0.532333 0.849500 0.029333 0.045000
2 0.512167 0.852750 0.072333 0.051500
0 0.553167 0.479750 0.008333 0.036000
2 0.556167 0.473125 0.030333 0.050750
1 0.567333 0.472875 0.050000 0.049750
0 0.371333 0.681750 0.016667 0.027000
0 0.481333 0.791500 0.016667 0.053500
0 0.768500 0.275000 0.026333 0.022500
0 0.170833 0.214375 0.015667 0.019250
