1 0.770167 0.532625 0.159667 0.147750
1 0.257000 0.578500 0.269333 0.127000
0 0.235833 0.668875 0.031000 0.057750
2 0.124500 0.811375 0.190333 0.147750
0 0.817333 0.910750 0.043333 0.079000
0 0.884667 0.373750 0.050000 0.080000
0 0.617333 0.179500 0.046000 0.075000
2 0.659000 0.345625 0.093333 0.063750
2 0.418000 0.383625 0.102667 0.091750
2 0.224667 0.103500 0.097333 0.077000
0 0.847833 0.150375 0.059667 0.095750
0 0.037333 0.420125 0.050000 0.089750
0 0.501333 0.421625 0.044667 0.040750
0 0.247833 0.200375 0.029000 0.041750
0 0.122500 0.144625 0.030333 0.047250
2 0.096833 0.132625 0.079000 0.069750
0 0.228000 0.097500 0.060667 0.063000
0 0.440667 0.382375 0.027333 0.096750
0 0.776667 0.509125 0.022000 0.073750
2 0.809000 0.509875 0.082000 0.077750
0 0.682000 0.345125 0.016000 0.060750
0 0.273000 0.567750 0.028000 0.103500
2 0.205500 0.569125 0.164333 0.106250
2 0.233333 0.677000 0.050000 0.070000
0 0.178667 0.760875 0.083333 0.047750
0 0.659333 0.423000 0.020667 0.040500
0 0.768500 0.365125 0.037000 0.068750
0 0.329833 0.937750 0.065667 0.090500
0 0.142000 0.356750 0.043333 0.095500
2 0.124833 0.357625 0.080333 0.094750
0 0.614667 0.249750 0.012667 0.033500
2 0.615833 0.252500 0.037667 0.041500
0 0.793000 0.309125 0.045333 0.051250
2 0.815167 0.286875 0.097000 0.101250
0 0.718500 0.352000 0.015667 0.037000
0 0.927667 0.561375 0.050667 0.097750
2 0.893000 0.570000 0.121333 0.112500
0 0.321833 0.407625 0.012333 0.035750
2 0.329833 0.383750 0.046333 0.083500
1 0.309333 0.400875 0.087333 0.113250
