2 0.363667 0.237125 0.069333 0.113250
1 0.752500 0.677000 0.143000 0.171000
2 0.306833 0.072250 0.172333 0.137500
0 0.369500 0.249125 0.041000 0.055250
1 0.393833 0.250875 0.124333 0.142750
0 0.256833 0.073500 0.042333 0.137000
0 0.401000 0.087125 0.017333 0.060750
2 0.382500 0.060500 0.051667 0.116500
1 0.433667 0.082375 0.154000 0.156750
0 0.604500 0.458250 0.065000 0.046000
0 0.707000 0.683000 0.028000 0.074000
2 0.699833 0.656250 0.041000 0.129500
0 0.787833 0.966750 0.071000 0.028000
2 0.786500 0.976750 0.075000 0.046500
