2 0.811167 0.247250 0.139000 0.223000
1 0.525333 0.330375 0.256667 0.119750
2 0.759333 0.525000 0.094000 0.096500
2 0.595833 0.584875 0.103667 0.097750
2 0.329333 0.420625 0.048667 0.093750
1 0.676833 0.080000 0.172333 0.159500
0 0.152833 0.309750 0.041667 0.062500
0 0.585667 0.319375 0.016000 0.072250
2 0.614500 0.320625 0.075667 0.094750
0 0.835667 0.279375 0.091333 0.088250
0 0.111667 0.482625 0.034667 0.027250
0 0.316333 0.431875 0.016667 0.039750
2 0.099667 0.468750 0.057333 0.056000
0 0.590167 0.604375 0.031000 0.035750
0 0.722833 0.523000 0.021000 0.075500
0 0.849167 0.479125 0.078333 0.084250
2 0.866000 0.481750 0.111333 0.087500
0 0.810167 0.563875 0.053667 0.062750
2 0.851333 0.596250 0.134667 0.125000
0 0.008333 0.094625 0.014000 0.023750
2 0.011667 0.090500 0.022667 0.048500
0 0.667000 0.313875 0.012000 0.033250
2 0.659833 0.285125 0.061667 0.091750
1 0.684167 0.300000 0.111667 0.120500
0 0.376833 0.575000 0.013000 0.028500
1 0.591667 0.604625 0.112000 0.137250
0 0.221333 0.738875 0.034000 0.035250
0 0.409333 0.362125 0.034667 0.046250
2 0.399667 0.356750 0.064667 0.075500
0 0.276167 0.055500 0.013000 0.014000
2 0.292333 0.043500 0.048667 0.043500
0 0.016833 0.020125 0.020333 0.035750
2 0.031833 0.027125 0.049000 0.052250
0 0.656167 0.157625 0.017000 0.044750
2 0.667500 0.168500 0.030333 0.065000
0 0.627500 0.027625 0.017667 0.052750
2 0.643167 0.028125 0.045667 0.053250
0 0.542000 0.254375 0.055333 0.033750
1 0.717833 0.532375 0.181667 0.126750
0 0.697000 0.693250 0.182667 0.042000
1 0.326333 0.433125 0.092000 0.138250
0 0.010000 0.187750 0.017333 0.030000
0 0.579000 0.161875 0.007333 0.028250
2 0.574667 0.163250 0.018667 0.031000
0 0.420667 0.177750 0.008000 0.025000
2 0.428500 0.181875 0.021000 0.033250
