1 0.496500 0.488875 0.307000 0.251750
1 0.220500 0.605500 0.233000 0.264000
2 0.916500 0.201000 0.165000 0.184500
0 0.507833 0.451125 0.076333 0.136250
2 0.445500 0.455875 0.203000 0.185750
0 0.857833 0.185250 0.046333 0.149000
0 0.162167 0.629250 0.113667 0.072000
2 0.184833 0.579250 0.159000 0.192500
0 0.719167 0.925625 0.037000 0.043250
2 0.708667 0.912250 0.066000 0.071000
0 0.798500 0.726125 0.169667 0.031750
2 0.766833 0.644000 0.235667 0.195000
0 0.921500 0.898000 0.081000 0.015500
2 0.913167 0.851375 0.096333 0.109750
0 0.905667 0.955625 0.066000 0.044250
2 0.935167 0.967000 0.129667 0.066000
1 0.908167 0.931500 0.180333 0.132500
0 0.489333 0.162750 0.016667 0.038000
2 0.506833 0.156625 0.053000 0.051750
0 0.293833 0.184750 0.039667 0.095500
0 0.385167 0.159375 0.014333 0.063250
2 0.439833 0.130375 0.125000 0.124250
0 0.198500 0.413000 0.030333 0.109000
2 0.259667 0.437500 0.154667 0.159000
0 0.526833 0.370500 0.070333 0.092000
2 0.580167 0.378375 0.174333 0.105750
