0 0.377911 0.341503 0.051164 0.285948
2 0.277114 0.341708 0.254596 0.451389
1 0.351256 0.441585 0.402880 0.649510
0 0.128830 0.401348 0.015012 0.068219
2 0.088388 0.354167 0.095895 0.160131
1 0.112439 0.377655 0.143995 0.209559
0 0.093597 0.409518 0.048100 0.105801
2 0.058670 0.432190 0.116115 0.148693
0 0.323223 0.941789 0.072304 0.064134
2 0.313572 0.902574 0.096507 0.138480
0 0.554381 0.930760 0.054841 0.064951
2 0.579504 0.856822 0.103860 0.216912
0 0.303002 0.802083 0.033088 0.039624
2 0.324142 0.816176 0.075368 0.114379
0 0.939491 0.071487 0.018076 0.049020
2 0.935662 0.049020 0.041667 0.096405
1 0.958180 0.070261 0.083640 0.133170
