2 0.467333 0.643125 0.132000 0.193250
2 0.898000 0.527500 0.123333 0.137500
0 0.608833 0.326625 0.104333 0.095750
0 0.232333 0.582125 0.099333 0.078250
2 0.335500 0.708875 0.087000 0.114750
0 0.915333 0.694625 0.169333 0.053250
1 0.070667 0.327500 0.087333 0.085500
0 0.065333 0.323625 0.033333 0.055750
2 0.073000 0.322625 0.050000 0.073250
0 0.157667 0.332250 0.019333 0.044000
0 0.282333 0.319000 0.009333 0.017500
2 0.300667 0.270125 0.042000 0.115250
1 0.244833 0.281000 0.155000 0.136000
0 0.530667 0.265500 0.034000 0.087500
2 0.522833 0.214375 0.081667 0.190750
0 0.293167 0.379500 0.035667 0.050500
0 0.421667 0.625750 0.040667 0.156000
0 0.321000 0.718500 0.056667 0.073000
0 0.333000 0.825250 0.034000 0.071000
2 0.295167 0.811125 0.112333 0.122250
0 0.849667 0.580250 0.028000 0.030000
0 0.141500 0.144625 0.012333 0.032750
2 0.278000 0.568750 0.192000 0.124500
0 0.573667 0.636500 0.102000 0.032500
2 0.524000 0.575750 0.201333 0.155000
1 0.476167 0.575625 0.295667 0.154250
0 0.134167 0.311375 0.020333 0.054250
0 0.228333 0.121375 0.016000 0.046250
2 0.178167 0.100750 0.113000 0.088500
0 0.798500 0.138375 0.013000 0.034250
