0 0.959252 0.192402 0.077819 0.232843
2 0.939951 0.213848 0.116422 0.271650
0 0.714154 0.274101 0.039828 0.299837
2 0.783241 0.315564 0.176777 0.380310
1 0.720129 0.373162 0.301777 0.495507
0 0.471048 0.168301 0.094056 0.241013
2 0.441176 0.200368 0.155637 0.302696
0 0.326900 0.269199 0.030637 0.237745
2 0.352482 0.301471 0.079963 0.308007
1 0.304534 0.340686 0.175858 0.382353
0 0.173713 0.629698 0.071691 0.154003
2 0.200061 0.616422 0.122549 0.226307
0 0.031097 0.519608 0.026654 0.084967
2 0.042433 0.528186 0.054228 0.103758
0 0.501685 0.550449 0.014400 0.069036
2 0.496630 0.577206 0.055760 0.118464
