1 0.468667 0.499500 0.214000 0.193000
2 0.350333 0.152500 0.076667 0.112000
2 0.122333 0.543250 0.073333 0.097500
2 0.643000 0.452750 0.053333 0.164000
2 0.803000 0.348875 0.033333 0.082750
2 0.807167 0.493875 0.058333 0.144250
0 0.326500 0.145500 0.025667 0.092000
1 0.351667 0.183000 0.078000 0.171500
0 0.455000 0.486000 0.042667 0.100500
2 0.419667 0.479500 0.116667 0.116000
0 0.096833 0.558500 0.025667 0.068000
0 0.023167 0.494000 0.041667 0.082500
2 0.032167 0.498500 0.058333 0.091500
0 0.655667 0.475875 0.023333 0.088250
1 0.669167 0.478125 0.102333 0.210750
0 0.808167 0.523375 0.059000 0.085250
0 0.144667 0.438000 0.034667 0.050000
2 0.105500 0.429500 0.114333 0.067000
0 0.037167 0.748250 0.030333 0.074000
2 0.026833 0.760750 0.052333 0.101000
0 0.208667 0.904250 0.073333 0.062000
0 0.796167 0.352250 0.018333 0.076000
0 0.194000 0.213125 0.012000 0.036250
2 0.202833 0.224750 0.029667 0.059000
0 0.673000 0.089875 0.026000 0.046750
0 0.716333 0.098750 0.014000 0.046500
0 0.414000 0.302875 0.012667 0.047250
2 0.404500 0.303000 0.031667 0.048000
0 0.385500 0.625250 0.021000 0.045000
2 0.346167 0.630875 0.099667 0.055250
0 0.441167 0.123875 0.043667 0.042250
0 0.461500 0.184500 0.025000 0.034000
0 0.342167 0.572750 0.019000 0.032000
0 0.833333 0.730125 0.062667 0.096750
0 0.969167 0.517125 0.010333 0.029750
