2 0.389333 0.538375 0.298667 0.163250
2 0.146667 0.486375 0.146000 0.101250
2 0.518167 0.291500 0.119667 0.213500
0 0.403333 0.048375 0.055333 0.096250
2 0.036833 0.883375 0.073000 0.094750
2 0.323000 0.349250 0.131333 0.083500
0 0.852667 0.221125 0.024667 0.055250
0 0.480500 0.609125 0.079000 0.036250
2 0.788667 0.186000 0.066667 0.124500
0 0.722167 0.554000 0.063667 0.061500
0 0.376500 0.163875 0.019667 0.084750
2 0.370333 0.124250 0.033333 0.166500
0 0.771500 0.196250 0.029667 0.105000
0 0.371500 0.358750 0.035667 0.058500
0 0.198167 0.517250 0.041667 0.038000
0 0.445667 0.512500 0.184000 0.107000
0 0.484333 0.121000 0.043333 0.100000
0 0.558167 0.361875 0.041000 0.051250
0 0.043833 0.304875 0.041000 0.059750
0 0.024833 0.906750 0.047000 0.033000
1 0.038167 0.905875 0.075000 0.139250
0 0.724167 0.161625 0.027000 0.093750
1 0.452667 0.482375 0.422000 0.276250
0 0.384333 0.716125 0.017333 0.039250
0 0.646000 0.137500 0.066667 0.133000
2 0.620333 0.148250 0.115333 0.154500
