2 0.322667 0.427125 0.112000 0.122250
0 0.366333 0.571125 0.054000 0.063750
0 0.054000 0.590250 0.011333 0.028500
2 0.708333 0.228375 0.028000 0.041250
2 0.224500 0.102875 0.087667 0.099750
2 0.014167 0.217000 0.027667 0.060000
2 0.833333 0.830875 0.172000 0.117250
2 0.189000 0.655250 0.069333 0.061500
2 0.780167 0.472500 0.077667 0.050500
1 0.507333 0.285625 0.072000 0.063750
2 0.085333 0.148375 0.077333 0.114750
0 0.570833 0.547250 0.044333 0.048000
2 0.168500 0.345250 0.067667 0.046000
1 0.433833 0.053625 0.058333 0.088250
2 0.974833 0.306500 0.050333 0.106500
0 0.255333 0.104375 0.026000 0.081250
0 0.067000 0.132375 0.038000 0.084250
1 0.248667 0.125000 0.138000 0.144500
0 0.008000 0.214375 0.014000 0.054250
1 0.032833 0.228750 0.062333 0.083000
0 0.436333 0.052375 0.022000 0.031250
2 0.431500 0.041125 0.032333 0.064250
0 0.260833 0.248000 0.014333 0.036000
2 0.249333 0.241625 0.037333 0.064250
1 0.261667 0.245250 0.062000 0.072500
0 0.190000 0.344750 0.022667 0.041000
0 0.158500 0.362875 0.037000 0.035250
2 0.187833 0.369500 0.093667 0.045000
0 0.246833 0.374000 0.032333 0.059500
0 0.359833 0.421375 0.037000 0.107750
2 0.063167 0.597000 0.042333 0.042000
0 0.193833 0.649375 0.023000 0.048750
0 0.417167 0.680625 0.021667 0.036250
0 0.436833 0.982125 0.025667 0.031750
2 0.424000 0.975000 0.051333 0.046000
0 0.660667 0.939375 0.024000 0.069250
0 0.120667 0.700875 0.010000 0.022750
2 0.123667 0.655375 0.031333 0.114250
1 0.112500 0.684375 0.052333 0.170250
0 0.146833 0.722250 0.044333 0.050000
0 0.032667 0.608250 0.021333 0.022000
2 0.026833 0.596875 0.051000 0.053750
0 0.056000 0.528000 0.018000 0.028500
0 0.503000 0.283125 0.012000 0.039750
2 0.522000 0.283625 0.046000 0.039750
0 0.541000 0.292000 0.004667 0.018500
2 0.548500 0.291125 0.015667 0.018250
0 0.106167 0.048625 0.039000 0.054750
0 0.123000 0.113625 0.009333 0.020750
0 0.032333 0.174750 0.009333 0.022000
0 0.020000 0.185875 0.034667 0.043250
0 0.649167 0.165750 0.048333 0.052000
2 0.624833 0.168750 0.097667 0.058000
0 0.550833 0.129250 0.023000 0.033000
0 0.618833 0.066500 0.041000 0.037000
2 0.631333 0.062000 0.067333 0.062500
0 0.700667 0.232250 0.010667 0.033000
0 0.449833 0.229500 0.024333 0.061000
2 0.430333 0.232625 0.064000 0.066250
0 0.466000 0.047375 0.011333 0.015750
2 0.464000 0.054375 0.033333 0.030750
2 0.465000 0.045000 0.033333 0.053500
0 0.787833 0.467000 0.061000 0.037000
0 0.713667 0.525250 0.012000 0.031500
2 0.727833 0.530875 0.035667 0.042750
0 0.997333 0.273375 0.005333 0.039250
0 0.971167 0.177500 0.057667 0.036000
0 0.854667 0.855250 0.129333 0.031500
