1 0.582000 0.524500 0.230667 0.214500
2 0.921167 0.906625 0.157667 0.110750
0 0.027500 0.311875 0.049667 0.037250
2 0.620333 0.285875 0.050000 0.054250
1 0.109833 0.880250 0.213667 0.141000
2 0.259000 0.566000 0.056667 0.075000
0 0.607167 0.288375 0.023667 0.049250
0 0.804333 0.323625 0.016667 0.043750
2 0.794167 0.327000 0.035667 0.049500
0 0.913500 0.400875 0.041000 0.049250
2 0.919333 0.412000 0.049333 0.070500
1 0.902167 0.413375 0.081667 0.106250
0 0.975667 0.889000 0.048667 0.071000
0 0.823833 0.959625 0.013000 0.013750
2 0.814333 0.973000 0.059333 0.039000
0 0.252167 0.555125 0.031000 0.051750
0 0.492667 0.491750 0.055333 0.124500
2 0.516667 0.493500 0.095333 0.125500
0 0.505833 0.367125 0.010333 0.042250
2 0.534000 0.367375 0.064000 0.062250
0 0.143500 0.868000 0.043000 0.115000
2 0.083500 0.875250 0.163000 0.130000
0 0.180000 0.743125 0.019333 0.018250
2 0.175000 0.698875 0.033333 0.108750
1 0.148167 0.704875 0.091000 0.120750
0 0.114833 0.970625 0.027667 0.040250
2 0.103167 0.971250 0.051000 0.057500
0 0.420000 0.730875 0.023333 0.027250
2 0.369667 0.701750 0.126000 0.085500
0 0.343333 0.525375 0.028000 0.045250
2 0.371000 0.484000 0.086000 0.130500
1 0.329833 0.503875 0.170333 0.170250
0 0.509667 0.216625 0.018000 0.037750
2 0.505833 0.225250 0.036333 0.056000
0 0.663833 0.390375 0.020333 0.031750
2 0.647167 0.391125 0.052333 0.033250
