1 0.256500 0.489500 0.194333 0.142500
2 0.793500 0.558250 0.237000 0.103000
2 0.688000 0.903500 0.242000 0.190500
2 0.169667 0.609875 0.118000 0.066750
2 0.430167 0.307250 0.097000 0.092500
0 0.613167 0.499375 0.037000 0.089750
2 0.624833 0.469625 0.063667 0.150750
1 0.557833 0.492875 0.201000 0.218750
0 0.226833 0.471375 0.040333 0.085750
2 0.203333 0.466375 0.088667 0.097750
0 0.209833 0.603375 0.035000 0.055750
0 0.030333 0.728375 0.016667 0.047750
0 0.399500 0.304250 0.031000 0.084500
0 0.887000 0.575375 0.045333 0.065250
0 0.776167 0.924000 0.063667 0.145500
0 0.101833 0.848000 0.019000 0.038000
2 0.133667 0.838875 0.084000 0.057250
