1 0.175500 0.393750 0.206333 0.180500
2 0.912833 0.313125 0.062333 0.119250
2 0.623167 0.387750 0.053000 0.061500
0 0.546500 0.857625 0.059667 0.054250
1 0.925667 0.898625 0.145333 0.111250
0 0.070000 0.470625 0.051333 0.153250
2 0.329833 0.655000 0.051667 0.051000
2 0.557333 0.278375 0.064667 0.067250
0 0.238500 0.409625 0.025667 0.114750
2 0.251500 0.385750 0.051667 0.163500
0 0.533167 0.298625 0.015000 0.027750
0 0.652667 0.246625 0.032667 0.065750
2 0.669500 0.246875 0.063667 0.068750
1 0.671500 0.259375 0.057000 0.092750
0 0.916167 0.326500 0.034333 0.079000
0 0.329667 0.662375 0.030000 0.023750
2 0.502333 0.831625 0.147333 0.109250
0 0.935500 0.893875 0.056333 0.020750
2 0.934667 0.873875 0.064000 0.061750
0 0.889333 0.207625 0.019333 0.060750
0 0.596667 0.236000 0.019333 0.039000
2 0.598167 0.247500 0.020333 0.061500
0 0.717167 0.597875 0.038333 0.033250
0 0.357667 0.384000 0.047333 0.050000
0 0.633000 0.384375 0.032667 0.055250
0 0.960167 0.387625 0.057000 0.068750
