1 0.385833 0.276125 0.233000 0.157750
0 0.119667 0.431000 0.033333 0.052000
1 0.590167 0.517000 0.133000 0.116000
2 0.919833 0.122625 0.078333 0.083250
0 0.223500 0.482000 0.039000 0.051000
0 0.092333 0.132125 0.006667 0.028250
2 0.387500 0.183375 0.032333 0.065250
1 0.253833 0.736250 0.179000 0.111500
0 0.321000 0.283250 0.016667 0.065500
2 0.301167 0.257625 0.058333 0.118750
0 0.379167 0.171875 0.015667 0.041750
0 0.202333 0.340250 0.016000 0.030500
2 0.108000 0.425875 0.054667 0.063250
0 0.586833 0.529250 0.034333 0.060500
2 0.613333 0.526375 0.086000 0.062250
0 0.498333 0.556500 0.059333 0.060500
2 0.500333 0.572750 0.066000 0.096500
0 0.207833 0.678375 0.049000 0.052750
2 0.241833 0.669500 0.118333 0.080500
1 0.228500 0.688125 0.146333 0.116750
0 0.244000 0.729875 0.034667 0.033250
2 0.284167 0.744250 0.116333 0.059000
1 0.476833 0.582750 0.111000 0.116500
0 0.090333 0.253750 0.026667 0.060500
2 0.105167 0.253875 0.054333 0.083750
0 0.065833 0.241500 0.016333 0.069500
2 0.038333 0.251375 0.069333 0.088750
0 0.066167 0.075125 0.013667 0.034750
0 0.007500 0.103125 0.013000 0.038250
0 0.094667 0.074625 0.016667 0.043750
0 0.415167 0.121750 0.021000 0.032500
0 0.580167 0.351500 0.036333 0.044500
0 0.562000 0.351750 0.022667 0.038500
0 0.032833 0.920750 0.027000 0.052500
2 0.030667 0.927000 0.059333 0.064000
0 0.432000 0.419125 0.032000 0.054750
0 0.782667 0.077875 0.019333 0.049750
2 0.796833 0.091375 0.049000 0.077250
0 0.714833 0.309750 0.013667 0.023500
2 0.724000 0.299625 0.031333 0.044250
1 0.708500 0.303750 0.062333 0.052000
0 0.346667 0.963000 0.147333 0.074000
0 0.780500 0.909875 0.047667 0.079750
0 0.881500 0.458250 0.016333 0.038500
2 0.917333 0.473250 0.087333 0.068500
0 0.525333 0.402625 0.031333 0.064750
2 0.547500 0.412875 0.077000 0.084250
0 0.892667 0.113000 0.022667 0.062500
