0 0.375613 0.217525 0.064951 0.410539
2 0.432598 0.243668 0.185662 0.486520
1 0.332414 0.321691 0.389093 0.636029
0 0.205116 0.262459 0.013174 0.060866
2 0.212469 0.274510 0.026654 0.082516
1 0.193321 0.298203 0.061887 0.123366
0 0.981771 0.308211 0.026654 0.049428
2 0.981464 0.323734 0.037071 0.080474
0 0.990502 0.500817 0.018995 0.066176
2 0.983303 0.491830 0.033395 0.107026
1 0.967218 0.504085 0.065564 0.137255
0 0.714614 0.776348 0.053615 0.038807
2 0.715839 0.724469 0.054228 0.142565
1 0.707567 0.760621 0.087929 0.212418
