0 0.971500 0.155750 0.048333 0.067000
0 0.669500 0.053500 0.010333 0.071000
1 0.568167 0.257875 0.068333 0.074250
2 0.645667 0.533250 0.204000 0.177000
2 0.319833 0.298625 0.029667 0.090750
2 0.660500 0.371125 0.032333 0.095750
2 0.051167 0.451625 0.041000 0.066250
0 0.714833 0.946000 0.019667 0.035000
0 0.241500 0.358750 0.021000 0.038000
2 0.247000 0.359250 0.032000 0.061000
0 0.315167 0.311125 0.017667 0.065750
0 0.168833 0.329625 0.020333 0.033250
0 0.370333 0.199750 0.026000 0.054000
0 0.564833 0.265500 0.009667 0.036500
2 0.552667 0.253250 0.034000 0.063000
0 0.576333 0.316000 0.016667 0.048500
2 0.557833 0.323000 0.055000 0.061500
0 0.659833 0.393250 0.015000 0.051500
1 0.655167 0.382250 0.043667 0.119000
0 0.805833 0.393750 0.061000 0.046000
2 0.794333 0.404125 0.084000 0.065750
0 0.567833 0.523125 0.044333 0.154750
0 0.763000 0.529625 0.040667 0.026750
2 0.797500 0.508500 0.106333 0.068000
0 0.293333 0.152500 0.016000 0.033000
2 0.301833 0.158125 0.029667 0.046750
0 0.517000 0.104875 0.008000 0.033750
2 0.523833 0.110875 0.021667 0.044750
0 0.620667 0.112625 0.010667 0.040250
2 0.614833 0.104125 0.022333 0.070250
2 0.667833 0.056250 0.029667 0.083000
2 0.665333 0.076750 0.076667 0.125000
0 0.770333 0.259500 0.027333 0.043000
0 0.914167 0.181250 0.018333 0.066000
0 0.383167 0.313625 0.037667 0.026250
0 0.913500 0.249500 0.027000 0.051000
0 0.636667 0.719500 0.044000 0.070500
2 0.667000 0.711750 0.105333 0.106000
0 0.726667 0.782375 0.017333 0.046250
0 0.418833 0.777500 0.091000 0.156000
0 0.463667 0.658750 0.023333 0.048000
0 0.616167 0.285875 0.019667 0.049750
0 0.047500 0.449500 0.013667 0.063000
0 0.139500 0.288875 0.013667 0.036250
0 0.466333 0.071000 0.028000 0.037500
0 0.409833 0.106750 0.021000 0.036500
2 0.414167 0.116000 0.034333 0.055000
