0 0.693618 0.577505 0.038690 0.155010
2 0.223049 0.526786 0.221892 0.237599
0 0.455192 0.562004 0.055225 0.196429
0 0.552414 0.182168 0.040013 0.093998
0 0.932705 0.166791 0.075728 0.203621
2 0.888889 0.196677 0.222222 0.267857
0 0.373843 0.101687 0.176257 0.185020
0 0.023313 0.137277 0.045304 0.200645
0 0.196925 0.511409 0.127976 0.173611
1 0.183697 0.575397 0.366733 0.330853
0 0.276786 0.650422 0.097884 0.193204
2 0.436012 0.570312 0.088294 0.215030
1 0.414517 0.630208 0.136574 0.334821
2 0.668816 0.589906 0.093585 0.179812
1 0.556382 0.622396 0.321098 0.292411
0 0.628803 0.820312 0.192791 0.151042
