2 0.645167 0.513125 0.112333 0.119250
2 0.909000 0.507500 0.182000 0.137500
1 0.319500 0.576375 0.405667 0.267750
2 0.030833 0.089750 0.061000 0.085500
0 0.042000 0.084375 0.032667 0.069750
1 0.042167 0.105500 0.083667 0.116500
0 0.208333 0.064125 0.027333 0.063750
2 0.220833 0.067875 0.053667 0.069750
0 0.217000 0.139375 0.034000 0.056250
0 0.296833 0.363375 0.037667 0.042750
2 0.320833 0.334125 0.087000 0.102250
1 0.280167 0.338625 0.169667 0.110250
0 0.799167 0.250500 0.071000 0.063500
0 0.839667 0.379000 0.048000 0.128500
2 0.898333 0.375375 0.160667 0.185750
2 0.809000 0.217125 0.092667 0.131750
1 0.862167 0.216000 0.197000 0.133000
0 0.983333 0.524125 0.033333 0.085750
0 0.685167 0.519000 0.029667 0.109500
1 0.714000 0.513625 0.250667 0.119250
0 0.468167 0.595750 0.031667 0.107500
2 0.486500 0.546250 0.070333 0.208500
0 0.194667 0.581750 0.056000 0.070500
2 0.242000 0.586000 0.154000 0.133500
0 0.645667 0.724750 0.032667 0.025500
2 0.534833 0.748375 0.257667 0.080750
0 0.014167 0.916250 0.027667 0.055000
