0 0.453125 0.434436 0.077819 0.115605
2 0.433824 0.340891 0.120098 0.305964
0 0.584712 0.908701 0.016850 0.064951
1 0.574295 0.903186 0.049326 0.166667
0 0.894761 0.930351 0.032169 0.065768
1 0.932445 0.912377 0.135110 0.175245
0 0.139553 0.404412 0.008885 0.065359
0 0.784161 0.128268 0.027880 0.062092
1 0.763787 0.042484 0.082721 0.081699
0 0.053615 0.732026 0.012255 0.026961
0 0.375153 0.702206 0.016850 0.032680
1 0.441483 0.366013 0.137255 0.357843
2 0.048866 0.679534 0.046262 0.131944
1 0.057445 0.698325 0.063419 0.167892
2 0.587010 0.896446 0.023897 0.120507
2 0.888634 0.895833 0.046875 0.141340
0 0.577206 0.614583 0.014706 0.073121
2 0.593137 0.620711 0.046569 0.083742
1 0.592525 0.627247 0.046569 0.099265
0 0.621630 0.638480 0.011642 0.063725
2 0.645374 0.649714 0.059743 0.087827
0 0.722273 0.659314 0.027880 0.031863
2 0.729933 0.641136 0.053615 0.069853
0 0.016850 0.948529 0.027574 0.065359
0 0.051471 0.895425 0.028799 0.052288
0 0.134038 0.965686 0.029105 0.068627
0 0.789675 0.522263 0.013174 0.029820
2 0.793045 0.507761 0.033395 0.077614
1 0.798100 0.528799 0.044118 0.120507
0 0.896906 0.546364 0.046262 0.020016
2 0.888021 0.536765 0.064645 0.040850
0 0.774050 0.025531 0.059743 0.050245
0 0.154565 0.328840 0.008272 0.023693
2 0.151808 0.346814 0.023591 0.057190
0 0.222886 0.133987 0.019914 0.047386
2 0.216299 0.124592 0.034314 0.089052
0 0.050551 0.249183 0.014706 0.042484
2 0.050398 0.249592 0.027880 0.055556
0 0.290441 0.233864 0.067402 0.057598
0 0.675858 0.172998 0.014093 0.042075
2 0.686887 0.167892 0.038603 0.078431
