0 0.464308 0.323734 0.019301 0.207108
1 0.434436 0.315768 0.218750 0.453431
2 0.501379 0.266340 0.086091 0.357843
0 0.452359 0.272059 0.018076 0.034314
0 0.439185 0.265523 0.007047 0.037582
0 0.389246 0.202206 0.002757 0.019608
2 0.581342 0.283905 0.022365 0.089052
0 0.576900 0.254085 0.006740 0.029412
1 0.579044 0.296569 0.024510 0.114379
0 0.355392 0.685049 0.010417 0.039216
2 0.355852 0.661765 0.031556 0.086601
1 0.367953 0.666054 0.054534 0.095997
0 0.596354 0.012255 0.007047 0.023693
2 0.595895 0.023693 0.015931 0.044935
0 0.452053 0.463848 0.019914 0.082925
2 0.468597 0.471609 0.053615 0.100082
