0 0.623162 0.337418 0.006127 0.046569
2 0.639246 0.282271 0.040135 0.204248
1 0.602788 0.281454 0.112439 0.264706
0 0.039982 0.411969 0.010723 0.012663
2 0.053462 0.447304 0.043199 0.082516
0 0.727941 0.100286 0.017157 0.051062
2 0.735907 0.093342 0.036765 0.087827
0 0.734681 0.481822 0.034926 0.037173
2 0.731158 0.453840 0.041973 0.094771
0 0.061581 0.141953 0.026961 0.090278
2 0.070159 0.158905 0.044118 0.126634
0 0.828738 0.062500 0.021446 0.076797
2 0.822304 0.075572 0.034314 0.104575
0 0.504136 0.165441 0.023591 0.059641
