0 0.465533 0.390114 0.055453 0.227941
1 0.482077 0.374592 0.171875 0.475490
2 0.501991 0.332312 0.128983 0.397467
0 0.833946 0.595792 0.012868 0.045343
2 0.845435 0.565972 0.041360 0.101716
0 0.647059 0.070057 0.014093 0.038807
2 0.633885 0.069036 0.039216 0.042484
1 0.653493 0.076797 0.077819 0.057190
0 0.117034 0.550041 0.016544 0.051879
2 0.109375 0.557394 0.030637 0.066585
0 0.297181 0.407067 0.009191 0.042892
2 0.293811 0.401348 0.029412 0.055964
0 0.622089 0.398080 0.035846 0.029003
2 0.616422 0.394608 0.047181 0.055556
0 0.671262 0.271038 0.017157 0.035539
2 0.675858 0.257149 0.028186 0.097631
0 0.240962 0.889093 0.026654 0.078840
2 0.259804 0.912582 0.067402 0.133170
1 0.226716 0.913603 0.132966 0.135212
