1 0.490561 0.469502 0.132151 0.193729
1 0.551201 0.661190 0.254005 0.145404
0 0.083095 0.613724 0.118707 0.226589
0 0.613987 0.867590 0.098684 0.032861
0 0.668764 0.082367 0.037185 0.059064
0 0.673770 0.255047 0.024314 0.041881
0 0.458095 0.086340 0.014588 0.056701
2 0.473255 0.093750 0.055778 0.071091
0 0.703089 0.023625 0.020595 0.045533
2 0.695080 0.033398 0.033753 0.065077
0 0.567649 0.094502 0.010011 0.019759
0 0.597540 0.112543 0.024600 0.047251
2 0.575801 0.119523 0.068078 0.065507
2 0.660183 0.090636 0.053776 0.075172
0 0.288186 0.089669 0.009439 0.027277
0 0.499714 0.106959 0.008581 0.036082
0 0.467963 0.216173 0.017162 0.050473
2 0.462100 0.216817 0.029462 0.052620
0 0.064073 0.190077 0.009725 0.017612
2 0.034325 0.167096 0.068078 0.066151
0 0.344394 0.250215 0.015446 0.021907
2 0.316076 0.237113 0.070938 0.050258
1 0.340818 0.241731 0.117563 0.060782
0 0.495995 0.475623 0.021167 0.065507
2 0.465103 0.440077 0.082952 0.135309
0 0.547483 0.701031 0.024600 0.063144
2 0.606121 0.701460 0.143021 0.064433
0 0.347540 0.607496 0.030892 0.074098
2 0.309068 0.589669 0.106693 0.111040
2 0.599399 0.809064 0.130721 0.150344
0 0.887443 0.746456 0.020881 0.041452
0 0.794193 0.967676 0.071796 0.062930
2 0.753862 0.912371 0.152460 0.173540
0 0.771882 0.096113 0.010011 0.032861
2 0.785183 0.091065 0.036613 0.045103
0 0.993564 0.221649 0.012872 0.038660
2 0.983696 0.228415 0.024600 0.050473
0 0.875000 0.327857 0.048627 0.032431
2 0.863844 0.333763 0.070938 0.043814
0 0.972254 0.223046 0.014302 0.024699
2 0.963959 0.227448 0.032037 0.033505
0 0.773455 0.224012 0.042906 0.045533
2 0.760297 0.233247 0.066362 0.062285
0 0.923913 0.245060 0.014874 0.027921
0 0.888587 0.233462 0.013444 0.027491
2 0.874857 0.239798 0.042620 0.039734
0 0.780463 0.179338 0.083238 0.054983
2 0.769308 0.187715 0.104977 0.071735
