0 0.676930 0.841095 0.011949 0.060458
2 0.697763 0.805147 0.073836 0.168301
1 0.685049 0.825572 0.102328 0.211601
0 0.653493 0.178105 0.020221 0.169935
2 0.660846 0.136029 0.071078 0.271242
1 0.673407 0.178105 0.096201 0.355392
0 0.045956 0.293913 0.014706 0.069853
2 0.036918 0.294322 0.039522 0.070670
1 0.038909 0.303105 0.044118 0.085784
0 0.825214 0.714461 0.037684 0.099673
2 0.886183 0.714052 0.182904 0.100490
0 0.479013 0.458946 0.048713 0.168709
2 0.463082 0.421569 0.081801 0.360294
1 0.492188 0.450572 0.140012 0.415850
