0 0.834252 0.408088 0.066789 0.056373
2 0.822610 0.382353 0.091912 0.160131
1 0.839767 0.414420 0.128064 0.228350
0 0.797335 0.274918 0.054228 0.037582
2 0.788297 0.241626 0.074142 0.116422
1 0.779412 0.253064 0.090074 0.139297
0 0.606464 0.473448 0.082414 0.185458
2 0.565717 0.507557 0.163909 0.254493
0 0.093137 0.347835 0.071691 0.123775
2 0.109528 0.308824 0.105699 0.253268
0 0.181526 0.045343 0.029105 0.089052
2 0.188113 0.075572 0.041667 0.141340
0 0.445159 0.029616 0.015931 0.058415
2 0.463235 0.041871 0.050245 0.079657
