0 0.596814 0.500817 0.118873 0.122549
2 0.585478 0.434845 0.134804 0.296160
0 0.312653 0.407475 0.015012 0.053513
0 0.013021 0.258987 0.025429 0.099673
2 0.018382 0.280025 0.036152 0.143382
0 0.321998 0.381536 0.012868 0.053922
0 0.288297 0.439338 0.050858 0.057598
0 0.371017 0.668096 0.016544 0.054330
2 0.373468 0.686887 0.022059 0.102533
1 0.332567 0.693423 0.105086 0.113971
0 0.720895 0.234273 0.013480 0.057598
2 0.740196 0.248162 0.050858 0.088644
1 0.740656 0.236111 0.051777 0.111928
0 0.825827 0.306985 0.068321 0.085376
2 0.818474 0.292484 0.083027 0.162582
0 0.246477 0.179943 0.022365 0.069036
