0 0.497702 0.396855 0.045037 0.207108
2 0.459252 0.389297 0.091912 0.309641
1 0.529412 0.431781 0.235294 0.397876
0 0.883885 0.340074 0.014706 0.069036
2 0.910692 0.349060 0.068321 0.087010
0 0.807292 0.037377 0.026961 0.073938
2 0.801317 0.047181 0.038297 0.093546
0 0.575061 0.793096 0.063725 0.147467
2 0.581036 0.845997 0.114890 0.251634
0 0.732996 0.501021 0.021140 0.095180
0 0.208793 0.643791 0.023591 0.037582
2 0.170190 0.648489 0.103860 0.053513
0 0.040135 0.622958 0.034314 0.067810
2 0.028339 0.623570 0.056066 0.069853
0 0.044884 0.302492 0.012561 0.055147
2 0.029105 0.309232 0.044118 0.068627
1 0.030790 0.334763 0.046875 0.118056
