0 0.559436 0.399510 0.066789 0.244281
2 0.542279 0.367443 0.104167 0.389297
1 0.585938 0.426879 0.193934 0.513889
0 0.248009 0.377655 0.059743 0.194853
2 0.214001 0.320261 0.121017 0.320261
1 0.241268 0.376430 0.176164 0.439951
2 0.269455 0.772263 0.114277 0.241422
2 0.047488 0.645425 0.077206 0.181373
0 0.748315 0.170956 0.028493 0.220180
0 0.037071 0.622345 0.049632 0.127042
0 0.230699 0.750000 0.036152 0.193627
0 0.215993 0.057802 0.022672 0.114788
2 0.192249 0.070466 0.070772 0.139297
0 0.414062 0.271855 0.021140 0.056781
2 0.425092 0.260825 0.043199 0.109886
