1 0.905667 0.116750 0.188667 0.232500
2 0.601167 0.339875 0.169000 0.114750
1 0.473833 0.668250 0.219000 0.206500
2 0.375333 0.431125 0.056667 0.072250
0 0.654000 0.347375 0.061333 0.098250
1 0.662333 0.343125 0.290000 0.222750
0 0.907500 0.091250 0.024333 0.137000
2 0.941500 0.080375 0.092333 0.159750
0 0.445000 0.638000 0.032667 0.117000
2 0.413167 0.632375 0.096333 0.130750
0 0.296833 0.644625 0.024333 0.036750
2 0.303000 0.634125 0.039333 0.077250
0 0.259000 0.784125 0.027333 0.034250
0 0.253833 0.850250 0.030333 0.047000
2 0.217333 0.858875 0.101333 0.065250
0 0.397667 0.942625 0.033333 0.055750
2 0.363500 0.925750 0.101667 0.091500
0 0.287333 0.465000 0.017333 0.039500
0 0.339000 0.427625 0.014667 0.040250
2 0.326333 0.422625 0.040000 0.052250
0 0.023667 0.355250 0.008667 0.034000
2 0.019833 0.357250 0.027000 0.038000
0 0.397667 0.340625 0.014000 0.034250
0 0.518000 0.149375 0.012000 0.037250
2 0.505500 0.155875 0.039000 0.049250
0 0.505167 0.516625 0.054333 0.081750
0 0.495667 0.444750 0.021333 0.031500
2 0.486167 0.436000 0.041000 0.051500
0 0.074833 0.390250 0.011000 0.030500
0 0.551833 0.081625 0.011000 0.035750
2 0.545333 0.087500 0.024000 0.048500
0 0.680667 0.277250 0.026000 0.046500
2 0.688333 0.263250 0.041333 0.072500
0 0.177000 0.656625 0.024000 0.031250
2 0.190167 0.656625 0.051000 0.054750
0 0.383500 0.281125 0.020333 0.047250
