0 0.421109 0.537582 0.098346 0.053105
2 0.476869 0.492443 0.212316 0.171977
1 0.475490 0.537377 0.218137 0.260212
0 0.445466 0.264093 0.032475 0.037990
2 0.443321 0.186070 0.072304 0.221814
0 0.907016 0.805760 0.026654 0.072304
2 0.946385 0.775735 0.107230 0.136438
1 0.932598 0.811479 0.134191 0.205474
0 0.974571 0.498570 0.034314 0.038807
2 0.979473 0.534314 0.041054 0.107843
0 0.908241 0.619281 0.059130 0.036765
2 0.862286 0.606618 0.154105 0.063725
0 0.835938 0.414011 0.057292 0.038807
2 0.847580 0.360498 0.104473 0.145833
0 0.723192 0.183415 0.037684 0.208333
2 0.754596 0.209559 0.127451 0.260621
0 0.724877 0.552696 0.086397 0.188725
2 0.752757 0.690564 0.142157 0.462010
