0 0.842833 0.120875 0.064333 0.116250
1 0.664667 0.449500 0.080667 0.147000
0 0.569833 0.139625 0.058333 0.128750
0 0.521500 0.224250 0.040333 0.083500
0 0.454500 0.297750 0.042333 0.101000
1 0.379333 0.551500 0.316667 0.182000
1 0.265167 0.196875 0.109000 0.108750
2 0.146500 0.047250 0.085000 0.089500
2 0.872667 0.301750 0.089333 0.050000
0 0.231667 0.195000 0.038000 0.100000
2 0.249167 0.198875 0.073000 0.106750
2 0.438167 0.309750 0.075000 0.125000
0 0.165000 0.040000 0.027333 0.071000
0 0.192333 0.226375 0.020000 0.055250
0 0.640833 0.330625 0.029000 0.073750
2 0.658333 0.348875 0.066667 0.111250
0 0.839333 0.305125 0.015333 0.045250
0 0.406667 0.568750 0.039333 0.093000
2 0.461333 0.538375 0.150000 0.156250
0 0.664833 0.443750 0.025000 0.087500
2 0.679500 0.444125 0.053000 0.089250
0 0.189000 0.358875 0.017333 0.047250
0 0.041667 0.758000 0.027333 0.061500
0 0.794167 0.817875 0.043000 0.086750
0 0.971500 0.940875 0.057000 0.071750
2 0.959667 0.904875 0.077333 0.144750
0 0.515667 0.682250 0.022667 0.086000
2 0.420333 0.694000 0.215333 0.197000
