2 0.426058 0.257410 0.108982 0.123926
1 0.470824 0.551439 0.117849 0.087844
0 0.579949 0.457796 0.028890 0.068514
2 0.165761 0.488080 0.121568 0.109321
0 0.496281 0.247852 0.032037 0.085481
1 0.282180 0.049184 0.075801 0.085911
1 0.197368 0.225623 0.066934 0.089562
0 0.271882 0.054983 0.009439 0.035653
2 0.260870 0.039841 0.031465 0.066366
0 0.186785 0.195769 0.013730 0.028136
2 0.184068 0.199313 0.019165 0.035223
0 0.465818 0.252363 0.028890 0.113402
0 0.432065 0.148518 0.016304 0.042741
2 0.437786 0.159257 0.027746 0.062070
0 0.116705 0.015034 0.025172 0.029639
0 0.134296 0.515571 0.058638 0.051761
1 0.122998 0.493127 0.206522 0.118557
0 0.463673 0.027169 0.010297 0.027277
0 0.401602 0.084192 0.009153 0.030928
2 0.404319 0.089132 0.015732 0.039948
2 0.571510 0.447917 0.045767 0.088703
1 0.576659 0.447809 0.066934 0.088488
0 0.472826 0.547036 0.019451 0.054553
2 0.495852 0.543063 0.066076 0.069373
0 0.413473 0.602126 0.030606 0.050043
2 0.429491 0.607818 0.063215 0.061426
1 0.404319 0.611899 0.112986 0.069588
0 0.302775 0.776525 0.046053 0.078823
2 0.332666 0.792741 0.105835 0.111684
1 0.313787 0.792633 0.141304 0.111899
0 0.152174 0.889820 0.052632 0.027062
2 0.164045 0.883591 0.077517 0.040378
0 0.132151 0.668170 0.096682 0.051976
2 0.164617 0.677620 0.161041 0.070876
0 0.261299 0.656680 0.060927 0.077964
2 0.294765 0.670318 0.127288 0.104381
0 0.357265 0.185245 0.024600 0.038875
2 0.364559 0.189540 0.064931 0.047036
0 0.605120 0.146048 0.066076 0.095790
0 0.128576 0.155176 0.050629 0.070662
0 0.685641 0.064970 0.011442 0.035868
