0 0.586244 0.490196 0.098958 0.169118
2 0.569393 0.512663 0.132659 0.209150
1 0.547028 0.496732 0.171875 0.258170
0 0.085325 0.072508 0.016238 0.050245
2 0.080270 0.116217 0.088848 0.130310
0 0.921109 0.651961 0.007659 0.040850
2 0.951287 0.662173 0.095588 0.057190
1 0.938879 0.601716 0.122243 0.181373
0 0.394761 0.839665 0.102022 0.071487
2 0.361366 0.852124 0.168811 0.092320
0 0.422335 0.415033 0.053615 0.162582
2 0.442249 0.453227 0.126532 0.234886
0 0.877604 0.357435 0.022978 0.036765
2 0.921875 0.339052 0.111520 0.075163
