0 0.521752 0.503064 0.030025 0.067402
2 0.537990 0.509395 0.078431 0.076797
1 0.516544 0.496528 0.122549 0.113971
0 0.715839 0.593954 0.016238 0.044935
2 0.759804 0.612541 0.105392 0.085376
1 0.740656 0.582925 0.150429 0.151961
0 0.031097 0.652778 0.033395 0.029412
2 0.064645 0.618464 0.109069 0.111928
0 0.325674 0.320874 0.026961 0.109886
2 0.292892 0.328840 0.091912 0.125817
0 0.495558 0.259191 0.032169 0.047794
2 0.455882 0.230596 0.111520 0.106618
0 0.885570 0.265931 0.047488 0.063725
2 0.892923 0.274510 0.070772 0.100490
0 0.985600 0.287582 0.028799 0.035131
2 0.976562 0.253881 0.046875 0.101716
1 0.976256 0.266953 0.047488 0.125408
0 0.959865 0.525940 0.080270 0.028186
2 0.950368 0.494281 0.099265 0.093954
0 0.819087 0.796977 0.073836 0.048203
2 0.808670 0.777982 0.096507 0.087827
