0 0.423713 0.337623 0.043505 0.198121
2 0.460478 0.341095 0.113971 0.292484
0 0.242647 0.390114 0.025123 0.104575
2 0.226256 0.395425 0.053615 0.109477
0 0.268689 0.328227 0.007353 0.037173
2 0.265778 0.324959 0.015625 0.066585
1 0.273744 0.345792 0.031556 0.109069
0 0.152420 0.180760 0.024203 0.082925
2 0.169424 0.191789 0.061887 0.106618
0 0.063725 0.180760 0.010417 0.077206
2 0.049632 0.191381 0.038603 0.098448
1 0.061121 0.200776 0.062194 0.118873
0 0.063419 0.240400 0.014093 0.043709
2 0.066789 0.231618 0.020221 0.098856
1 0.041207 0.242034 0.071998 0.118873
0 0.226869 0.480188 0.025429 0.086193
2 0.250460 0.494281 0.070772 0.111928
0 0.252757 0.608456 0.064338 0.154003
2 0.291820 0.625000 0.143076 0.187092
0 0.506281 0.656454 0.023591 0.162582
2 0.552696 0.597018 0.115809 0.313317
1 0.472120 0.646650 0.278186 0.411765
1 0.405178 0.379085 0.225184 0.367647
0 0.909007 0.460989 0.097426 0.122141
2 0.872549 0.467933 0.172794 0.135212
0 0.590074 0.047590 0.023897 0.094363
2 0.611520 0.086193 0.097426 0.171569
