0 0.369332 0.235090 0.063419 0.095997
0 0.395221 0.091708 0.014093 0.093546
2 0.418505 0.071487 0.060662 0.142157
0 0.558977 0.139502 0.073836 0.276552
2 0.591452 0.191789 0.220895 0.379493
0 0.497396 0.520016 0.018076 0.065359
2 0.542739 0.479779 0.110600 0.203840
1 0.480545 0.446895 0.234988 0.383987
0 0.966912 0.529820 0.066176 0.099673
2 0.951900 0.561275 0.096201 0.162582
1 0.920956 0.532475 0.158088 0.365605
0 0.761949 0.574346 0.049020 0.062908
2 0.751379 0.532271 0.070159 0.186275
0 0.814032 0.221201 0.058211 0.089461
2 0.798866 0.209355 0.088542 0.157271
0 0.979473 0.159518 0.041054 0.043709
2 0.966605 0.137051 0.066789 0.122141
1 0.934743 0.142770 0.130515 0.170343
0 0.718750 0.041054 0.036765 0.081291
2 0.706955 0.061275 0.059130 0.116830
