0 0.580576 0.378268 0.057598 0.128268
2 0.566483 0.319853 0.088235 0.269608
1 0.617494 0.363971 0.192096 0.361111
0 0.272059 0.440768 0.018382 0.053922
2 0.251225 0.427900 0.055760 0.085376
1 0.266391 0.436275 0.085478 0.103758
0 0.324449 0.391544 0.014093 0.063317
2 0.312500 0.390727 0.036152 0.095997
0 0.067402 0.084150 0.017157 0.071895
2 0.076593 0.083742 0.036152 0.071895
1 0.058364 0.091503 0.071998 0.088235
0 0.224724 0.218137 0.007047 0.037582
2 0.232384 0.221405 0.019301 0.042484
0 0.638174 0.160335 0.003676 0.031454
2 0.651808 0.149306 0.030944 0.062500
1 0.642923 0.154208 0.049326 0.072304
0 0.720282 0.102124 0.016544 0.054739
2 0.711091 0.099877 0.029412 0.069036
0 0.393842 0.346201 0.011336 0.034722
2 0.388480 0.348856 0.024510 0.060458
1 0.396599 0.360498 0.040135 0.083742
1 0.328891 0.405025 0.068321 0.125408
0 0.106005 0.181781 0.011642 0.066176
2 0.117953 0.181781 0.034926 0.079248
0 0.255821 0.745507 0.007966 0.026144
2 0.257506 0.758170 0.026042 0.053922
1 0.261029 0.751838 0.042279 0.091912
0 0.341912 0.914216 0.038603 0.124183
2 0.364890 0.906863 0.083333 0.149510
0 0.543964 0.714052 0.017463 0.063725
2 0.558364 0.713848 0.043811 0.064134
1 0.543352 0.710784 0.075061 0.072712
0 0.502604 0.851716 0.018689 0.035131
2 0.494332 0.844363 0.034620 0.052288
0 0.386795 0.768382 0.007047 0.019608
2 0.381434 0.742034 0.018382 0.078023
0 0.585478 0.621936 0.016544 0.088644
2 0.598499 0.624592 0.041360 0.093137
1 0.588695 0.635417 0.061581 0.114788
0 0.436734 0.248162 0.006434 0.013480
2 0.439798 0.243668 0.012561 0.037173
1 0.441023 0.250817 0.016238 0.051471
0 0.312347 0.265727 0.016850 0.055147
2 0.294577 0.276348 0.051777 0.074755
0 0.397518 0.285743 0.029105 0.045343
2 0.401654 0.280025 0.037990 0.078023
0 0.250613 0.296773 0.007966 0.041258
2 0.245558 0.299837 0.018076 0.051471
0 0.253370 0.167279 0.014706 0.069853
2 0.263634 0.178922 0.035233 0.095588
0 0.840993 0.023080 0.012868 0.035539
2 0.854626 0.024714 0.040135 0.048611
1 0.836703 0.037173 0.075980 0.072712
