0 0.569853 0.298203 0.070466 0.138889
2 0.558364 0.235907 0.095895 0.325572
1 0.603860 0.276348 0.187500 0.399101
0 0.224877 0.487337 0.023284 0.094771
2 0.249081 0.509395 0.056373 0.133987
0 0.178768 0.768995 0.019301 0.103350
2 0.131281 0.767361 0.115502 0.129493
0 0.767616 0.498979 0.032782 0.120507
2 0.805147 0.510417 0.104167 0.137663
1 0.217218 0.536969 0.122549 0.188317
1 0.194547 0.794730 0.242034 0.232435
0 0.797028 0.854984 0.023591 0.044935
2 0.794577 0.821895 0.037684 0.117647
1 0.807598 0.858456 0.063725 0.188317
0 0.963542 0.558007 0.036152 0.075163
2 0.966452 0.571078 0.067096 0.095588
