1 0.715333 0.540125 0.061333 0.062250
1 0.076500 0.708625 0.097667 0.102250
2 0.157333 0.527750 0.090667 0.080500
2 0.747833 0.365250 0.057667 0.073500
2 0.535500 0.432000 0.034333 0.071000
1 0.592667 0.389500 0.047333 0.059500
1 0.192333 0.468625 0.102000 0.062750
1 0.197000 0.946625 0.129333 0.106750
1 0.286333 0.565125 0.060667 0.042250
2 0.785167 0.542500 0.069000 0.093000
0 0.370667 0.353875 0.022667 0.043750
1 0.546667 0.296125 0.084000 0.070750
0 0.977833 0.343500 0.044333 0.084500
0 0.061333 0.332125 0.015333 0.035250
2 0.034833 0.330750 0.069000 0.039000
0 0.063833 0.243250 0.009000 0.019000
0 0.019000 0.359625 0.034667 0.046750
0 0.324000 0.307375 0.015333 0.055750
2 0.315333 0.312500 0.033333 0.066000
0 0.181500 0.238750 0.009667 0.023000
2 0.166833 0.241000 0.039000 0.039000
0 0.197833 0.141000 0.009000 0.029500
0 0.214833 0.464875 0.011000 0.041250
2 0.226167 0.464875 0.032333 0.041750
0 0.004500 0.467750 0.008333 0.024500
2 0.016500 0.460375 0.031000 0.056750
0 0.142000 0.551375 0.053333 0.027750
0 0.053167 0.632625 0.017000 0.040750
2 0.060500 0.641125 0.035667 0.057750
1 0.061167 0.631250 0.037000 0.075500
0 0.100667 0.708625 0.016000 0.045750
2 0.108167 0.695125 0.032333 0.074750
0 0.127333 0.809000 0.021333 0.034000
2 0.138167 0.811000 0.045000 0.051000
0 0.233333 0.804625 0.048667 0.024750
2 0.263500 0.796375 0.109667 0.055750
0 0.199667 0.933125 0.032000 0.079250
2 0.180333 0.947000 0.096667 0.106000
0 0.332333 0.928000 0.015333 0.069500
2 0.358333 0.918500 0.068000 0.088500
0 0.210167 0.830125 0.028333 0.045250
0 0.288667 0.576375 0.015333 0.019750
2 0.276667 0.565000 0.040667 0.043000
0 0.329500 0.465000 0.021000 0.039000
2 0.352333 0.455125 0.068000 0.058750
0 0.536167 0.417750 0.021667 0.040000
0 0.474333 0.571875 0.014667 0.031750
2 0.464833 0.568250 0.037000 0.039000
0 0.562167 0.450375 0.017000 0.018250
0 0.602667 0.400000 0.007333 0.036000
2 0.608000 0.389500 0.016667 0.057500
0 0.624833 0.442375 0.047667 0.040750
0 0.762667 0.356375 0.025333 0.055250
0 0.435333 0.352500 0.026667 0.033500
2 0.451000 0.356125 0.060000 0.042250
0 0.540333 0.287500 0.009333 0.048000
2 0.525500 0.286750 0.038333 0.050000
0 0.180833 0.418750 0.020333 0.037500
2 0.200500 0.423375 0.057667 0.046250
0 0.713500 0.543750 0.012333 0.036000
2 0.702333 0.542000 0.034667 0.041000
0 0.514000 0.557875 0.010667 0.028750
2 0.505167 0.554375 0.028333 0.037750
1 0.503000 0.545000 0.033333 0.057500
0 0.414000 0.312500 0.033333 0.037000
2 0.384333 0.314250 0.092000 0.048000
0 0.460500 0.105000 0.022333 0.034000
2 0.466833 0.103625 0.035667 0.037250
0 0.446333 0.148500 0.007333 0.031000
0 0.477333 0.267750 0.011333 0.045000
0 0.600000 0.234125 0.012000 0.033750
2 0.608333 0.232250 0.028667 0.041000
0 0.795167 0.551375 0.019667 0.057750
0 0.886667 0.243375 0.072000 0.055750
0 0.640000 0.980250 0.028000 0.026000
2 0.623167 0.981500 0.062333 0.027500
0 0.847500 0.835000 0.059000 0.022500
0 0.905000 0.851625 0.068000 0.060250
0 0.861500 0.646000 0.019000 0.037500
0 0.587167 0.592375 0.014333 0.050750
2 0.570333 0.585000 0.049333 0.067000
0 0.970333 0.290125 0.056667 0.019250
0 0.896833 0.086750 0.014333 0.034000
0 0.979667 0.100250 0.014000 0.041000
0 0.961500 0.082000 0.018333 0.044500
2 0.952333 0.079500 0.036667 0.050500
0 0.648167 0.212875 0.018333 0.055750
0 0.704167 0.147500 0.023667 0.050000
0 0.743833 0.301500 0.012333 0.035500
0 0.865500 0.532625 0.057667 0.070750
0 0.508833 0.400625 0.018333 0.028250
2 0.498667 0.397875 0.038000 0.032250
0 0.793667 0.201750 0.052667 0.053000
0 0.834500 0.067000 0.013000 0.017500
0 0.760167 0.094125 0.036333 0.035750
0 0.531167 0.263000 0.011000 0.041000
2 0.521333 0.263000 0.030000 0.041000
0 0.199167 0.193125 0.011667 0.026750
2 0.196333 0.199250 0.018667 0.038500
0 0.252167 0.273125 0.049000 0.042750
