0 0.543658 0.397263 0.011336 0.065768
2 0.553309 0.336806 0.049020 0.206291
1 0.579044 0.364379 0.109069 0.263072
0 0.233609 0.255719 0.018689 0.091503
2 0.215074 0.267565 0.066176 0.116013
0 0.429075 0.053105 0.025429 0.094771
2 0.445006 0.091095 0.057292 0.171569
0 0.429075 0.628881 0.018076 0.106618
2 0.445925 0.631332 0.053615 0.110703
1 0.429688 0.634395 0.086091 0.120098
0 0.375306 0.878676 0.037377 0.134804
2 0.354320 0.895016 0.100184 0.165850
0 0.023284 0.721609 0.045956 0.117239
2 0.054841 0.729371 0.106005 0.133578
