0 0.361366 0.533292 0.083027 0.061683
2 0.331036 0.490809 0.178615 0.155637
1 0.366268 0.581699 0.252145 0.340686
0 0.192862 0.783497 0.036458 0.057190
2 0.192862 0.814338 0.054841 0.118873
0 0.141238 0.332721 0.015931 0.027369
2 0.154565 0.352941 0.046262 0.069444
1 0.165441 0.345180 0.068627 0.112745
0 0.332721 0.060662 0.030637 0.120507
2 0.341452 0.079861 0.048713 0.155637
0 0.388940 0.035131 0.050551 0.069444
2 0.376379 0.064747 0.076287 0.119690
0 0.556679 0.038194 0.020221 0.075572
2 0.541054 0.046773 0.052696 0.091912
0 0.010570 0.729167 0.020527 0.026144
2 0.018536 0.705474 0.035846 0.073529
1 0.036305 0.728350 0.068934 0.117647
0 0.799939 0.847222 0.052083 0.066993
2 0.800398 0.823529 0.054841 0.112745
1 0.779105 0.878676 0.097426 0.225490
0 0.654105 0.771650 0.022059 0.049020
2 0.687194 0.800449 0.086397 0.108252
