1 0.414833 0.444625 0.409667 0.332750
1 0.336167 0.672625 0.199667 0.166250
2 0.826667 0.197125 0.138667 0.175250
1 0.054167 0.075500 0.088333 0.079500
0 0.072500 0.086375 0.011667 0.042250
2 0.080500 0.071250 0.026333 0.069000
0 0.106000 0.030875 0.088000 0.060750
2 0.144667 0.055875 0.166667 0.109250
0 0.017500 0.149625 0.033667 0.098250
0 0.067000 0.263375 0.019333 0.036750
0 0.497667 0.440500 0.034667 0.162000
2 0.545667 0.401625 0.132667 0.249250
0 0.383333 0.697250 0.033333 0.042000
2 0.400000 0.653875 0.068667 0.128250
0 0.555667 0.727500 0.061333 0.082500
0 0.242500 0.594875 0.035000 0.035250
2 0.210667 0.579500 0.099333 0.073000
1 0.255500 0.595875 0.189000 0.122250
0 0.670167 0.492875 0.094333 0.056250
2 0.636333 0.487000 0.162000 0.095000
0 0.036167 0.398500 0.018333 0.066500
2 0.029333 0.411375 0.058000 0.091250
0 0.079167 0.338125 0.026333 0.062750
0 0.230667 0.268750 0.016667 0.059500
2 0.210333 0.271625 0.059333 0.070750
0 0.176000 0.114000 0.014667 0.046000
2 0.158167 0.096875 0.053667 0.081250
1 0.193500 0.111125 0.121667 0.108250
0 0.384500 0.560125 0.058333 0.057750
2 0.409167 0.520500 0.107000 0.151000
0 0.968000 0.942250 0.062000 0.115500
2 0.943500 0.942250 0.111667 0.115500
0 0.861500 0.181250 0.071667 0.141500
0 0.851333 0.025500 0.027333 0.050000
2 0.843667 0.030000 0.044667 0.059500
1 0.875167 0.050125 0.120333 0.098750
0 0.844667 0.659250 0.029333 0.084500
2 0.894333 0.660375 0.126667 0.085250
0 0.979500 0.086750 0.032333 0.059000
2 0.971667 0.076125 0.052000 0.081750
