0 0.842678 0.138072 0.046262 0.132353
2 0.877451 0.122753 0.130515 0.190768
1 0.842371 0.135825 0.202512 0.220180
2 0.967218 0.205065 0.065564 0.245098
1 0.967371 0.255719 0.065257 0.342320
0 0.146599 0.453431 0.036458 0.090686
2 0.142923 0.464869 0.054841 0.115196
1 0.152727 0.459967 0.072610 0.133987
0 0.124694 0.663807 0.039828 0.100490
2 0.124387 0.634600 0.066176 0.161356
1 0.147672 0.641136 0.113971 0.176879
0 0.038909 0.048611 0.020833 0.093954
2 0.029871 0.051471 0.059130 0.102124
1 0.054688 0.110907 0.108762 0.220997
0 0.977788 0.190768 0.042586 0.204248
0 0.531863 0.462214 0.024510 0.135212
2 0.556373 0.470588 0.069853 0.156046
0 0.437347 0.316993 0.026654 0.238562
2 0.460172 0.345792 0.077819 0.298611
1 0.423407 0.384395 0.153186 0.382353
0 0.281403 0.378881 0.035233 0.104984
2 0.244026 0.425449 0.109988 0.195670
