0 0.597886 0.535539 0.078125 0.058007
2 0.611060 0.553309 0.105699 0.095180
1 0.585478 0.539011 0.159314 0.123775
0 0.934436 0.557394 0.096201 0.033905
2 0.929994 0.528186 0.108762 0.090686
1 0.918811 0.544730 0.128064 0.123775
0 0.725184 0.735907 0.061887 0.098448
2 0.769148 0.703023 0.196998 0.168301
0 0.910539 0.704044 0.058824 0.080474
2 0.902727 0.673815 0.076287 0.139297
0 0.580729 0.068219 0.021140 0.086601
2 0.620251 0.071895 0.098958 0.092320
0 0.315104 0.878472 0.051164 0.161356
2 0.280484 0.808211 0.121630 0.303513
0 0.703585 0.284518 0.087929 0.113154
2 0.680760 0.330270 0.136642 0.206291
