2 0.549479 0.406863 0.051164 0.240196
0 0.531250 0.470792 0.009191 0.032271
1 0.520527 0.425041 0.110294 0.276552
0 0.208487 0.348856 0.020527 0.105392
0 0.772212 0.391544 0.045037 0.061683
2 0.756127 0.393587 0.069853 0.071487
2 0.182598 0.349877 0.072304 0.172794
0 0.373162 0.348448 0.047794 0.152778
2 0.386489 0.366626 0.079350 0.191585
0 0.597580 0.818219 0.051777 0.162582
2 0.622702 0.850286 0.143076 0.224265
1 0.587316 0.867443 0.216912 0.261029
0 0.927083 0.777982 0.035539 0.117239
2 0.898744 0.776348 0.093444 0.166258
0 0.145067 0.570057 0.053615 0.131127
2 0.153646 0.556781 0.070772 0.182190
