0 0.623928 0.063113 0.018689 0.101716
2 0.640319 0.085989 0.058824 0.147467
0 0.702819 0.652778 0.020833 0.043301
2 0.700521 0.655637 0.025429 0.049020
0 0.871170 0.603758 0.020527 0.039216
0 0.495864 0.352737 0.060355 0.377042
1 0.497855 0.414828 0.536765 0.495507
2 0.615502 0.385621 0.298407 0.442810
0 0.096201 0.282680 0.092525 0.285948
2 0.073070 0.326797 0.140625 0.370915
0 0.939032 0.597426 0.017770 0.029820
2 0.930453 0.589257 0.034314 0.050245
0 0.971814 0.465686 0.012868 0.051471
2 0.965686 0.470792 0.023897 0.061683
0 0.876838 0.424837 0.048407 0.064542
2 0.855852 0.455065 0.090993 0.125000
0 0.925551 0.277982 0.012868 0.079657
2 0.937194 0.283701 0.035539 0.091095
2 0.868260 0.576185 0.028186 0.097631
0 0.916360 0.153391 0.019608 0.075572
2 0.909467 0.165237 0.031556 0.096814
0 0.839308 0.071283 0.023591 0.102533
2 0.833333 0.084559 0.035539 0.129085
1 0.845435 0.112337 0.057904 0.189542
0 0.782322 0.033497 0.024203 0.065359
2 0.792433 0.040237 0.055453 0.078023
1 0.774663 0.050245 0.090993 0.097222
