0 0.077972 0.230188 0.019914 0.117239
2 0.086397 0.239175 0.039828 0.138480
0 0.140625 0.088644 0.025735 0.105392
2 0.312960 0.110498 0.042586 0.158905
0 0.499694 0.372958 0.041667 0.275327
2 0.533548 0.375613 0.109375 0.364788
1 0.460784 0.440564 0.253064 0.496324
0 0.912531 0.591503 0.014400 0.091503
2 0.899663 0.578431 0.041360 0.167484
1 0.916207 0.600694 0.141850 0.210376
0 0.778646 0.199142 0.014400 0.093546
2 0.769914 0.195874 0.033701 0.156454
1 0.791054 0.217933 0.092525 0.206291
0 0.771293 0.083742 0.032169 0.137255
0 0.584099 0.124592 0.019301 0.089869
2 0.595895 0.136642 0.041667 0.111520
0 0.608456 0.267565 0.027574 0.057190
2 0.618873 0.280433 0.060662 0.080474
0 0.457567 0.151961 0.018689 0.138072
2 0.444700 0.165033 0.044424 0.160131
0 0.304534 0.120302 0.021446 0.134395
0 0.327512 0.163194 0.009804 0.055964
2 0.335172 0.185866 0.033088 0.098856
0 0.268382 0.343954 0.081495 0.067810
2 0.252604 0.361724 0.113051 0.101716
0 0.312960 0.657680 0.025429 0.080065
2 0.317249 0.644199 0.034620 0.144608
1 0.292586 0.663603 0.085172 0.187500
0 0.018076 0.533905 0.035539 0.087418
2 0.033395 0.523080 0.064338 0.127042
1 0.050551 0.505515 0.098652 0.170343
