0 0.305453 0.260621 0.020833 0.124183
2 0.287531 0.181373 0.057904 0.311275
2 0.582261 0.393587 0.051164 0.154820
1 0.580116 0.404616 0.054228 0.180147
1 0.364583 0.225899 0.211397 0.401961
0 0.632812 0.557802 0.143076 0.184232
2 0.601869 0.545343 0.206801 0.267974
0 0.758119 0.622753 0.026042 0.142565
2 0.754596 0.643178 0.072304 0.183415
0 0.962776 0.967525 0.070772 0.050245
2 0.956189 0.939542 0.083946 0.107843
1 0.940411 0.931168 0.117341 0.124592
0 0.177696 0.529003 0.055760 0.151961
2 0.197304 0.546364 0.096814 0.188317
1 0.174939 0.563113 0.139706 0.240605
