0 0.585018 0.283292 0.010110 0.055964
2 0.600797 0.289624 0.040441 0.067810
1 0.587316 0.289624 0.069853 0.075980
0 0.816023 0.112132 0.015012 0.090278
2 0.840533 0.116830 0.068934 0.100490
0 0.746936 0.048407 0.041054 0.077206
2 0.739737 0.059436 0.055453 0.101716
0 0.566942 0.716912 0.021140 0.027778
0 0.473499 0.444853 0.034620 0.148693
2 0.511183 0.451593 0.109988 0.208742
0 0.142004 0.041258 0.027880 0.080882
2 0.155944 0.043505 0.054534 0.086193
0 0.385723 0.242647 0.041054 0.124183
2 0.373315 0.228145 0.065870 0.199755
0 0.328585 0.421569 0.021140 0.089869
2 0.368107 0.438725 0.098346 0.126634
0 0.707261 0.398080 0.021140 0.048611
2 0.714767 0.383578 0.035539 0.093137
