0 0.563419 0.491013 0.027574 0.127451
2 0.592525 0.507557 0.126225 0.162173
0 0.511949 0.799837 0.049020 0.089052
2 0.535999 0.737541 0.108150 0.230801
0 0.199602 0.074346 0.060968 0.107026
2 0.200674 0.087010 0.100490 0.133987
0 0.568168 0.213235 0.021140 0.096405
2 0.555760 0.163399 0.050245 0.218954
1 0.549632 0.761642 0.138480 0.283905
0 0.290594 0.961806 0.046875 0.068219
2 0.307598 0.870098 0.078431 0.259804
1 0.256127 0.870711 0.181373 0.258578
0 0.969975 0.473243 0.060049 0.064951
2 0.969210 0.450572 0.061581 0.111928
1 0.570006 0.443627 0.168199 0.289216
