0 0.551317 0.409314 0.073223 0.218137
2 0.589308 0.396038 0.163909 0.256944
0 0.170190 0.451593 0.024816 0.114788
2 0.186887 0.469771 0.061275 0.152778
0 0.144761 0.474060 0.039522 0.172794
2 0.162071 0.482843 0.074755 0.188725
1 0.117034 0.490400 0.162377 0.249592
0 0.882200 0.157475 0.028493 0.131127
2 0.869332 0.164216 0.051164 0.140523
2 0.231924 0.673611 0.110294 0.233660
0 0.379902 0.669730 0.024510 0.079657
1 0.884651 0.189951 0.083640 0.193627
1 0.534620 0.421773 0.273284 0.307598
0 0.217218 0.726103 0.075368 0.131127
