0 0.384498 0.185049 0.025123 0.140523
2 0.402267 0.203227 0.061887 0.180147
0 0.085018 0.172386 0.024203 0.098039
2 0.068934 0.176471 0.061887 0.127451
1 0.079197 0.196691 0.074449 0.165441
0 0.357843 0.214257 0.032475 0.202206
2 0.376991 0.216912 0.071385 0.209967
1 0.332874 0.222018 0.156556 0.260212
0 0.575214 0.466503 0.031556 0.075980
0 0.898591 0.864788 0.055760 0.141340
2 0.906097 0.817810 0.090380 0.246732
0 0.089767 0.455270 0.041667 0.198938
2 0.134344 0.481413 0.137561 0.249592
0 0.412224 0.461601 0.070772 0.156863
2 0.429075 0.414011 0.104473 0.265114
1 0.929994 0.847018 0.140012 0.305964
0 0.771140 0.640727 0.081495 0.056781
2 0.760110 0.629698 0.105392 0.087010
0 0.854473 0.118668 0.144608 0.236520
2 0.891391 0.143587 0.217218 0.283905
1 0.834865 0.162990 0.330270 0.320261
