0 0.511336 0.437908 0.063725 0.249183
2 0.567402 0.463440 0.205270 0.298611
0 0.194240 0.488562 0.026348 0.120915
2 0.236060 0.462418 0.116728 0.196078
1 0.171109 0.489992 0.246630 0.252859
0 0.472273 0.739379 0.023591 0.075163
0 0.953891 0.844975 0.090380 0.055964
2 0.950061 0.856209 0.099877 0.084150
1 0.923254 0.741626 0.153493 0.307598
0 0.342525 0.691993 0.016544 0.058007
2 0.351869 0.669526 0.046262 0.106209
0 0.637255 0.589869 0.039828 0.070261
0 0.699449 0.612132 0.050245 0.060049
0 0.969210 0.123366 0.037071 0.239379
1 0.505208 0.486520 0.332108 0.408497
0 0.665441 0.431781 0.066789 0.193627
2 0.683058 0.447508 0.102022 0.220997
2 0.974724 0.151961 0.050551 0.296569
1 0.954350 0.211806 0.091299 0.413807
