2 0.596000 0.607125 0.080667 0.137250
0 0.254000 0.556125 0.028667 0.094750
2 0.259667 0.556500 0.040000 0.094000
0 0.207000 0.572500 0.024667 0.064500
0 0.505500 0.402750 0.017000 0.046000
0 0.517333 0.401000 0.012000 0.020000
0 0.715500 0.388875 0.008333 0.033250
2 0.704833 0.390000 0.032333 0.037000
0 0.606000 0.595500 0.056667 0.113000
0 0.726333 0.561500 0.019333 0.082500
2 0.799833 0.574875 0.209000 0.108250
0 0.292000 0.735125 0.038000 0.049250
2 0.269500 0.742000 0.085000 0.063000
0 0.749333 0.717250 0.014000 0.026500
2 0.771000 0.703875 0.056667 0.054750
1 0.759667 0.698875 0.082000 0.065750
0 0.767167 0.297250 0.036333 0.041500
