0 0.528339 0.431577 0.027880 0.088644
2 0.565411 0.342525 0.093444 0.312500
1 0.498621 0.363766 0.230086 0.351716
0 0.152267 0.330882 0.018995 0.105392
2 0.189645 0.283905 0.092525 0.224673
0 0.847733 0.602328 0.069853 0.105801
2 0.858303 0.575572 0.121017 0.163399
0 0.233456 0.381944 0.069853 0.236928
2 0.196538 0.420139 0.143689 0.313317
1 0.160233 0.488358 0.217525 0.447304
0 0.563266 0.796773 0.021140 0.102533
2 0.593137 0.797386 0.077819 0.103758
0 0.936275 0.064338 0.024510 0.113971
2 0.951593 0.068423 0.057598 0.131127
1 0.927543 0.092116 0.105699 0.176879
0 0.530331 0.048407 0.032475 0.095997
2 0.517157 0.069649 0.060049 0.136846
1 0.509651 0.112541 0.075061 0.219363
