0 0.471048 0.464257 0.024203 0.119690
2 0.497089 0.429943 0.083027 0.236520
1 0.465533 0.447100 0.146752 0.265931
0 0.759344 0.555351 0.091605 0.136846
2 0.740809 0.551675 0.128676 0.224265
0 0.664369 0.750408 0.071998 0.085784
2 0.699449 0.703636 0.159926 0.188317
1 0.667279 0.715074 0.227328 0.214461
0 0.963388 0.777369 0.057292 0.103758
2 0.961091 0.784109 0.077819 0.116422
0 0.983456 0.660131 0.033088 0.043301
2 0.972120 0.618668 0.055760 0.160539
0 0.971201 0.463848 0.017157 0.086193
2 0.977788 0.474469 0.044424 0.109069
0 0.938266 0.242443 0.040748 0.130310
2 0.951746 0.258783 0.096507 0.145016
1 0.925858 0.264297 0.148284 0.281863
0 0.584865 0.194036 0.034926 0.063725
2 0.581801 0.166258 0.040441 0.127451
0 0.686275 0.219567 0.014706 0.033088
2 0.701287 0.217729 0.058211 0.058007
0 0.718597 0.056373 0.030944 0.052288
2 0.714767 0.056781 0.040441 0.072712
0 0.843290 0.069853 0.020527 0.058007
2 0.838082 0.075572 0.035233 0.075980
0 0.835938 0.127451 0.015012 0.053105
2 0.849571 0.130719 0.042279 0.056373
1 0.841146 0.136846 0.057904 0.067810
2 0.867953 0.071283 0.018995 0.052696
0 0.902727 0.695670 0.093444 0.149510
