2 0.721167 0.393750 0.089667 0.130500
2 0.584500 0.587875 0.327000 0.199250
0 0.559667 0.393750 0.018000 0.044500
2 0.886500 0.467125 0.073000 0.089250
0 0.151333 0.606000 0.128000 0.090500
2 0.714000 0.853375 0.214667 0.123750
1 0.582500 0.322750 0.057000 0.059500
0 0.173167 0.307875 0.013000 0.051250
2 0.180500 0.303000 0.029000 0.078500
1 0.154667 0.319250 0.080000 0.110500
0 0.030500 0.480875 0.010333 0.016750
0 0.215667 0.473000 0.012667 0.026000
2 0.057333 0.474625 0.066000 0.030250
2 0.198000 0.459625 0.047333 0.053750
0 0.127333 0.466250 0.048667 0.045500
0 0.273000 0.413875 0.012000 0.024750
0 0.238833 0.624500 0.015667 0.023000
0 0.695833 0.843375 0.157000 0.101750
0 0.687667 0.599000 0.119333 0.176000
1 0.650167 0.622875 0.458333 0.267750
0 0.383333 0.772500 0.122000 0.077000
2 0.561500 0.397750 0.023667 0.052500
0 0.342500 0.381375 0.008333 0.040250
2 0.336333 0.368750 0.022000 0.066500
1 0.336833 0.383250 0.041667 0.096500
0 0.338333 0.444125 0.053333 0.065750
0 0.619833 0.535625 0.010333 0.040750
2 0.614000 0.534125 0.024667 0.045250
0 0.696167 0.499000 0.012333 0.039500
2 0.709167 0.499250 0.039000 0.039500
0 0.743333 0.546875 0.020000 0.066250
0 0.781833 0.536500 0.009667 0.023000
0 0.755167 0.520250 0.017667 0.077000
0 0.748000 0.378375 0.034000 0.097250
0 0.846167 0.466500 0.011667 0.027500
0 0.901833 0.459000 0.041000 0.071500
0 0.922000 0.490250 0.035333 0.048000
2 0.916333 0.500000 0.046667 0.066500
0 0.787500 0.303750 0.023667 0.064000
0 0.660667 0.321125 0.014667 0.026250
2 0.665167 0.322875 0.040333 0.034250
0 0.821333 0.353000 0.014000 0.037500
2 0.826833 0.359375 0.046333 0.049750
0 0.908167 0.364875 0.029000 0.025750
