0 0.496936 0.533292 0.056985 0.160539
2 0.530331 0.544730 0.128064 0.179330
0 0.347273 0.560253 0.054228 0.118056
2 0.380362 0.570261 0.124694 0.138072
1 0.355239 0.566381 0.174326 0.189134
0 0.409926 0.604167 0.039828 0.116013
0 0.912837 0.464461 0.081189 0.104575
2 0.903339 0.471405 0.102022 0.132353
0 0.106618 0.247345 0.075368 0.042892
2 0.113205 0.146242 0.090380 0.245098
0 0.192862 0.800449 0.034620 0.051062
2 0.178002 0.789420 0.066176 0.098448
0 0.863817 0.287582 0.202512 0.167484
2 0.827665 0.296977 0.276654 0.182190
