0 0.531556 0.504698 0.096814 0.035539
2 0.544424 0.422590 0.159314 0.203023
1 0.523897 0.490605 0.202206 0.340686
0 0.267004 0.207721 0.096507 0.085376
2 0.248775 0.133578 0.132353 0.256536
1 0.221661 0.183619 0.186581 0.358252
0 0.905790 0.161969 0.090993 0.061683
2 0.895374 0.146242 0.113051 0.117647
0 0.969056 0.290033 0.048407 0.027778
0 0.841912 0.622141 0.066176 0.049020
0 0.893689 0.908497 0.029412 0.010621
2 0.891391 0.911765 0.034007 0.021242
0 0.843290 0.833742 0.025429 0.008987
2 0.835784 0.837623 0.042279 0.025735
1 0.830729 0.827206 0.053615 0.046569
0 0.949295 0.556373 0.073223 0.018791
2 0.941636 0.539216 0.089767 0.062908
0 0.261336 0.556781 0.055147 0.048203
2 0.260876 0.524918 0.096507 0.111928
1 0.260110 0.560049 0.098039 0.186275
0 0.093903 0.708333 0.087929 0.093137
0 0.097120 0.925654 0.039216 0.119281
0 0.873775 0.107639 0.071078 0.039624
2 0.862132 0.084763 0.094363 0.109886
0 0.842525 0.906046 0.046569 0.026961
2 0.836857 0.913194 0.060355 0.042892
