2 0.239500 0.405250 0.101000 0.118000
1 0.484000 0.497250 0.202667 0.120500
2 0.457167 0.209875 0.069667 0.183250
1 0.459667 0.730750 0.158667 0.120000
0 0.071333 0.479000 0.051333 0.096500
0 0.461167 0.191000 0.045667 0.146000
0 0.419833 0.320750 0.028333 0.105500
2 0.395667 0.332625 0.144667 0.129250
0 0.267167 0.388375 0.045667 0.083250
0 0.021667 0.422500 0.033333 0.060500
0 0.450667 0.513625 0.023333 0.035750
2 0.423500 0.484000 0.079000 0.095000
0 0.533333 0.583750 0.020000 0.048000
2 0.572500 0.573875 0.097000 0.069750
0 0.135500 0.827500 0.109000 0.042000
2 0.166000 0.823250 0.169333 0.050000
1 0.166333 0.800125 0.172000 0.096750
0 0.446000 0.704125 0.032667 0.067750
2 0.422500 0.713375 0.081000 0.085250
0 0.352667 0.841500 0.015333 0.045000
2 0.343333 0.841500 0.033333 0.045000
0 0.736500 0.582250 0.047000 0.055000
2 0.755667 0.566250 0.134667 0.088000
0 0.740000 0.545625 0.149333 0.084750
0 0.805500 0.769500 0.177667 0.032500
2 0.744333 0.737500 0.300000 0.096500
0 0.555833 0.738375 0.057667 0.021250
2 0.553333 0.702375 0.064667 0.095250
0 0.694000 0.809375 0.058667 0.065750
2 0.710833 0.797875 0.095667 0.096750
0 0.499167 0.853125 0.029000 0.021750
2 0.500333 0.825000 0.034000 0.079500
0 0.532333 0.970125 0.025333 0.030250
2 0.547833 0.977000 0.081000 0.043000
0 0.949667 0.638500 0.078667 0.088000
0 0.794167 0.101000 0.052333 0.062000
2 0.878667 0.066500 0.222667 0.131000
0 0.908167 0.951375 0.096333 0.071250
0 0.410167 0.396500 0.019000 0.032000
