1 0.249333 0.482625 0.130667 0.146750
2 0.309500 0.814625 0.091000 0.084750
2 0.596000 0.896375 0.166000 0.117250
2 0.036167 0.123750 0.071667 0.101000
0 0.042333 0.131500 0.022667 0.088000
0 0.037667 0.030000 0.017333 0.037000
2 0.052833 0.035875 0.047667 0.047750
0 0.467000 0.090750 0.016667 0.083500
2 0.488167 0.066375 0.061667 0.132250
0 0.222667 0.447125 0.040000 0.072250
2 0.220333 0.458250 0.072667 0.094500
0 0.024667 0.506000 0.022000 0.054500
2 0.018667 0.510000 0.033333 0.063500
1 0.043333 0.521000 0.082667 0.086500
0 0.473167 0.501125 0.020333 0.084750
2 0.541000 0.522500 0.157333 0.049500
1 0.445667 0.514750 0.348000 0.112000
0 0.667667 0.542125 0.018000 0.050750
2 0.717167 0.513875 0.119667 0.107250
1 0.631667 0.523875 0.292000 0.126250
0 0.230000 0.209000 0.018000 0.044000
2 0.221500 0.217625 0.037000 0.059250
0 0.826500 0.067625 0.022333 0.090750
0 0.345167 0.261875 0.061667 0.059750
0 0.332167 0.344000 0.022333 0.036000
0 0.129333 0.216375 0.035333 0.052250
0 0.842667 0.485375 0.017333 0.057750
0 0.218500 0.721375 0.053000 0.134250
2 0.123167 0.743625 0.242333 0.177750
0 0.338833 0.833750 0.022333 0.039000
1 0.334000 0.818250 0.140667 0.092000
0 0.537000 0.903000 0.048000 0.104000
0 0.897833 0.545625 0.146333 0.110750
0 0.209833 0.266625 0.021000 0.039750
0 0.287667 0.298875 0.018667 0.046750
0 0.922500 0.269750 0.024333 0.069000
0 0.184333 0.073625 0.018000 0.032250
0 0.971000 0.726875 0.042000 0.074250
