2 0.488333 0.563750 0.116667 0.211000
1 0.580167 0.178125 0.147000 0.107250
2 0.055833 0.824125 0.111000 0.105250
2 0.908167 0.491125 0.066333 0.097250
0 0.570000 0.160875 0.028000 0.072750
2 0.549167 0.165125 0.069667 0.081250
0 0.015667 0.297375 0.028667 0.048250
0 0.252167 0.326375 0.013667 0.030250
2 0.237667 0.319125 0.045333 0.048250
0 0.210000 0.536625 0.073333 0.050750
2 0.237000 0.529000 0.128667 0.084000
1 0.236833 0.538375 0.130333 0.105250
0 0.218833 0.468500 0.109000 0.117500
0 0.083167 0.825000 0.059000 0.105500
0 0.452500 0.562250 0.046333 0.188000
1 0.381167 0.590375 0.329667 0.263750
0 0.210500 0.710125 0.019667 0.047750
0 0.270167 0.890875 0.009000 0.027250
2 0.272500 0.888000 0.031667 0.045500
1 0.249500 0.897750 0.076333 0.062500
1 0.105500 0.851125 0.209667 0.157750
0 0.932833 0.488375 0.020333 0.089250
0 0.633167 0.429000 0.035000 0.105500
2 0.662333 0.436125 0.094667 0.118750
1 0.640000 0.452875 0.139333 0.151250
0 0.586167 0.286625 0.030333 0.055250
2 0.606500 0.304000 0.069667 0.091000
0 0.933000 0.294625 0.016667 0.065250
0 0.819833 0.755375 0.059667 0.044750
2 0.834167 0.743750 0.085667 0.099000
0 0.806167 0.929500 0.087000 0.025000
2 0.857333 0.938625 0.188000 0.042250
1 0.810833 0.904250 0.282333 0.113000
0 0.354333 0.767625 0.092667 0.119250
2 0.354333 0.788875 0.094000 0.159750
0 0.396000 0.884375 0.028667 0.094750
2 0.432667 0.890625 0.105333 0.110750
0 0.023667 0.532875 0.043333 0.064750
