0 0.532322 0.357026 0.021140 0.176471
2 0.549479 0.321895 0.054228 0.256536
1 0.518536 0.350082 0.120404 0.314542
0 0.325827 0.347018 0.021140 0.090278
2 0.297488 0.348039 0.074755 0.132353
1 0.326593 0.354371 0.135417 0.149918
0 0.859528 0.359069 0.015625 0.117647
2 0.893536 0.313930 0.086703 0.243873
1 0.869026 0.337214 0.138787 0.288807
0 0.290748 0.450572 0.018382 0.098039
2 0.266238 0.454248 0.063113 0.105392
1 0.282016 0.466299 0.094669 0.138480
0 0.337776 0.991626 0.015012 0.016748
2 0.337010 0.963848 0.047794 0.072304
0 0.522672 0.659314 0.010417 0.063725
2 0.517463 0.671977 0.022672 0.089052
