0 0.867494 0.531658 0.103248 0.096814
2 0.855545 0.525735 0.119179 0.143791
0 0.448376 0.728962 0.071385 0.064134
2 0.443627 0.709150 0.082108 0.105392
0 0.349571 0.518382 0.014706 0.034314
2 0.349265 0.558415 0.034314 0.114379
0 0.429688 0.040033 0.035846 0.079248
2 0.441636 0.046160 0.068934 0.091503
1 0.428615 0.046569 0.097426 0.092320
0 0.612132 0.401961 0.139093 0.129902
2 0.585784 0.403391 0.194853 0.162173
0 0.088848 0.977941 0.011642 0.044118
2 0.088082 0.953431 0.024203 0.093137
2 0.110447 0.952410 0.071998 0.091095
