2 0.318500 0.426875 0.341000 0.305250
1 0.847167 0.478375 0.290333 0.295750
0 0.211167 0.385125 0.123667 0.219750
0 0.813167 0.482125 0.047000 0.121750
2 0.790167 0.455625 0.093000 0.193750
0 0.027833 0.780375 0.051667 0.076750
0 0.121333 0.796000 0.038667 0.099000
0 0.497167 0.558500 0.017667 0.078500
0 0.937333 0.640125 0.038667 0.115250
0 0.900167 0.677250 0.034333 0.095500
0 0.634167 0.619000 0.019000 0.038000
2 0.610833 0.627250 0.067667 0.055500
0 0.855833 0.791750 0.036333 0.075500
0 0.983167 0.906875 0.021000 0.035250
2 0.942833 0.873500 0.101667 0.103000
0 0.750667 0.898500 0.041333 0.120500
2 0.730167 0.910250 0.082333 0.142500
0 0.486000 0.901125 0.043333 0.153750
1 0.784000 0.911000 0.190000 0.141000
