0 0.511029 0.405433 0.052696 0.138480
2 0.492341 0.435458 0.088235 0.202614
0 0.904718 0.322712 0.113358 0.087418
2 0.896906 0.268791 0.123468 0.209150
0 0.402267 0.101716 0.041667 0.067810
2 0.445006 0.092933 0.124081 0.087827
0 0.747089 0.091299 0.060355 0.139297
2 0.746324 0.107639 0.087010 0.169526
0 0.619945 0.358252 0.022978 0.103758
2 0.656097 0.368464 0.093444 0.125817
0 0.804841 0.403799 0.047181 0.079657
2 0.815104 0.419730 0.083027 0.109069
1 0.522825 0.474060 0.146140 0.280637
0 0.119179 0.617443 0.036152 0.098448
2 0.154105 0.633374 0.102941 0.131944
