0 0.608667 0.384125 0.105333 0.165750
2 0.152333 0.568250 0.144667 0.209000
2 0.247500 0.274125 0.101667 0.136750
1 0.782333 0.214500 0.176000 0.172000
2 0.765833 0.413500 0.066333 0.088000
2 0.091333 0.873875 0.182000 0.184250
0 0.864167 0.630750 0.048333 0.042000
0 0.650500 0.719625 0.081667 0.081250
0 0.209333 0.431000 0.023333 0.057500
0 0.031833 0.445125 0.058333 0.072750
2 0.031333 0.418125 0.060000 0.127250
0 0.228333 0.261625 0.061333 0.110750
0 0.096833 0.282000 0.095667 0.091500
2 0.117167 0.292375 0.136333 0.114250
0 0.440000 0.236625 0.038000 0.052750
2 0.423333 0.242125 0.071333 0.064750
0 0.803000 0.209125 0.050000 0.071750
2 0.795667 0.185500 0.068667 0.117500
0 0.741000 0.416250 0.016000 0.057500
2 0.523000 0.399375 0.276667 0.197750
1 0.576667 0.447125 0.384000 0.289750
0 0.044167 0.647125 0.029667 0.068250
2 0.031333 0.652500 0.060000 0.079000
0 0.190667 0.627500 0.032000 0.041500
0 0.661500 0.723000 0.029667 0.059500
0 0.017167 0.846625 0.033667 0.110250
0 0.589167 0.822375 0.042333 0.065250
2 0.643000 0.834375 0.145333 0.086750
0 0.905167 0.484375 0.021000 0.061750
0 0.964333 0.306500 0.071333 0.040500
2 0.933833 0.298000 0.131667 0.078000
