1 0.472833 0.469625 0.341667 0.273750
2 0.089500 0.539375 0.067667 0.086250
2 0.945667 0.547750 0.108667 0.124000
0 0.120833 0.206125 0.069667 0.082250
0 0.402833 0.674625 0.030333 0.071250
0 0.900667 0.850000 0.022667 0.059000
2 0.680333 0.794250 0.087333 0.104500
0 0.489500 0.476875 0.027667 0.121750
2 0.559000 0.435125 0.166667 0.207250
0 0.450500 0.117250 0.024333 0.054000
0 0.624500 0.287000 0.025000 0.053500
0 0.434667 0.272500 0.024000 0.049500
2 0.440333 0.277750 0.034000 0.062500
0 0.089167 0.525250 0.024333 0.058500
0 0.092333 0.169000 0.038000 0.088000
0 0.188167 0.529500 0.013000 0.038000
2 0.408167 0.680125 0.042333 0.085250
0 0.665000 0.794875 0.054667 0.102250
2 0.887333 0.826125 0.049333 0.109250
0 0.961500 0.711125 0.025000 0.077750
0 0.913333 0.571875 0.044000 0.075750
0 0.662333 0.492000 0.018667 0.071500
0 0.265000 0.083875 0.024000 0.065250
0 0.104000 0.456500 0.028000 0.066500
0 0.334667 0.508250 0.046667 0.057500
0 0.176333 0.953750 0.045333 0.088000
0 0.070000 0.954000 0.016000 0.041000
2 0.049833 0.963375 0.056333 0.073250
0 0.605500 0.494875 0.097667 0.159250
0 0.452500 0.020625 0.023667 0.040750
2 0.440000 0.027250 0.048667 0.053500
0 0.612833 0.592875 0.030333 0.052750
0 0.365833 0.550625 0.053000 0.094250
2 0.380000 0.550500 0.083333 0.095500
1 0.336167 0.550500 0.169667 0.095500
