0 0.981464 0.303513 0.033395 0.053922
2 0.974877 0.312500 0.050245 0.074346
1 0.961703 0.308211 0.076593 0.141748
0 0.841912 0.771650 0.043505 0.035131
2 0.849877 0.784518 0.074755 0.062500
0 0.583487 0.444240 0.146140 0.091095
2 0.560662 0.429534 0.191789 0.176879
1 0.560202 0.471609 0.195772 0.254493
0 0.973958 0.712010 0.052083 0.037582
2 0.963388 0.690359 0.073223 0.080882
1 0.938572 0.692606 0.122855 0.082925
0 0.198070 0.496528 0.054228 0.072304
2 0.211397 0.445466 0.080882 0.172794
1 0.212469 0.478758 0.084865 0.241830
0 0.039675 0.734477 0.078738 0.093137
2 0.056679 0.638480 0.109069 0.282680
