0 0.565717 0.280229 0.058517 0.110294
2 0.560509 0.211601 0.074449 0.266340
1 0.570006 0.258374 0.136949 0.366422
0 0.851103 0.281046 0.057598 0.087418
2 0.864277 0.267361 0.101103 0.143382
1 0.838388 0.284314 0.152880 0.179739
2 0.301164 0.619077 0.083333 0.091095
1 0.299173 0.596201 0.080576 0.136846
0 0.032475 0.629085 0.057598 0.035131
2 0.036152 0.584559 0.071691 0.129902
0 0.118873 0.785948 0.073529 0.026144
2 0.126838 0.729167 0.088235 0.133987
0 0.457108 0.156658 0.034926 0.053513
2 0.450827 0.145221 0.064645 0.091095
0 0.286765 0.597222 0.022672 0.032680
0 0.829197 0.871528 0.048713 0.049428
2 0.834712 0.854984 0.081801 0.118464
