0 0.734681 0.359886 0.014093 0.085784
2 0.753830 0.361315 0.051164 0.082925
0 0.541973 0.408292 0.031863 0.165441
2 0.566942 0.326185 0.075061 0.345180
0 0.271906 0.645425 0.013787 0.048203
2 0.249847 0.603554 0.063419 0.136029
0 0.177543 0.749387 0.021140 0.082108
2 0.171569 0.684436 0.047794 0.212010
0 0.683364 0.856413 0.051164 0.171977
2 0.630668 0.850082 0.160846 0.201797
0 0.738358 0.675041 0.075368 0.107435
2 0.713388 0.679126 0.128370 0.129493
0 0.837316 0.460172 0.028799 0.048611
2 0.853707 0.364788 0.076900 0.245098
1 0.908395 0.394608 0.183211 0.301471
0 0.603860 0.167075 0.009191 0.071895
2 0.604779 0.131740 0.026348 0.148284
1 0.620251 0.132353 0.059130 0.147059
1 0.719975 0.874183 0.339461 0.251634
1 0.742494 0.681985 0.187806 0.198121
1 0.499694 0.364175 0.212623 0.421160
0 0.051777 0.107026 0.098039 0.213235
2 0.070925 0.137868 0.137561 0.274918
1 0.098192 0.161969 0.190870 0.320670
1 0.268842 0.618668 0.104473 0.167892
1 0.121017 0.697304 0.148284 0.241013
0 0.414982 0.070874 0.048100 0.140931
2 0.435202 0.107026 0.087316 0.212418
1 0.408241 0.162990 0.143076 0.322712
