0 0.520987 0.450163 0.092831 0.226307
2 0.506281 0.406046 0.124694 0.350490
1 0.563725 0.442198 0.238358 0.418709
0 0.473499 0.112132 0.016238 0.108252
2 0.490656 0.084763 0.046262 0.168709
1 0.460784 0.095180 0.104779 0.189542
0 0.166513 0.275123 0.019301 0.066585
2 0.163297 0.263685 0.047181 0.090278
0 0.261795 0.068627 0.026042 0.136438
2 0.302543 0.077614 0.106311 0.151961
1 0.230239 0.113154 0.252145 0.223039
0 0.334406 0.211193 0.073836 0.121732
2 0.345741 0.183007 0.110600 0.182190
0 0.016238 0.819036 0.031863 0.096405
2 0.032016 0.845997 0.063419 0.151144
1 0.078278 0.801266 0.152267 0.336193
