0 0.571691 0.621119 0.091299 0.037990
2 0.579657 0.652574 0.134804 0.106618
1 0.591452 0.600286 0.215380 0.216912
0 0.804228 0.537173 0.063113 0.027778
2 0.853860 0.517770 0.166667 0.108252
1 0.834406 0.501430 0.204963 0.148284
0 0.423713 0.219363 0.033701 0.110294
2 0.441789 0.223039 0.069853 0.123366
0 0.320006 0.425245 0.034007 0.053105
2 0.314032 0.402165 0.059436 0.110703
0 0.211857 0.563930 0.022978 0.072304
0 0.238971 0.327410 0.069853 0.113154
2 0.208640 0.329044 0.156863 0.118056
0 0.506434 0.297181 0.047181 0.180147
2 0.641544 0.299837 0.314338 0.185458
1 0.502451 0.270221 0.595588 0.302696
