2 0.615847 0.547036 0.145881 0.142612
2 0.151030 0.567869 0.068078 0.073883
0 0.266161 0.721649 0.052918 0.081615
2 0.373284 0.741302 0.086957 0.260095
1 0.295481 0.244201 0.070366 0.072165
2 0.856836 0.509128 0.030034 0.054768
0 0.044479 0.327534 0.009439 0.021907
2 0.050629 0.326675 0.022883 0.032646
0 0.051916 0.346649 0.008295 0.012887
0 0.138158 0.319158 0.006293 0.018900
2 0.137443 0.316903 0.016876 0.029424
0 0.163759 0.305090 0.010011 0.021263
2 0.165761 0.307560 0.014588 0.025344
0 0.156465 0.368449 0.022311 0.016108
0 0.224685 0.363509 0.026030 0.039734
0 0.114846 0.516216 0.009439 0.040163
2 0.139731 0.505262 0.059783 0.061641
0 0.141590 0.578393 0.050343 0.046392
0 0.245566 0.486254 0.012300 0.029210
0 0.282895 0.566473 0.066362 0.136813
0 0.384868 0.824313 0.028890 0.061856
0 0.423341 0.537371 0.016590 0.066151
0 0.557780 0.554446 0.028604 0.089132
0 0.735269 0.593320 0.020881 0.033290
0 0.863558 0.503866 0.016018 0.042955
0 0.294765 0.251503 0.012872 0.047251
2 0.309068 0.244738 0.042048 0.068084
0 0.405606 0.133806 0.014874 0.059278
2 0.391447 0.117053 0.042620 0.093643
1 0.375286 0.119845 0.074943 0.099227
0 0.272740 0.397122 0.007723 0.031357
0 0.429205 0.326353 0.010011 0.021263
2 0.424914 0.320447 0.019165 0.033505
1 0.449228 0.323776 0.066648 0.040163
0 0.522311 0.345576 0.007437 0.027062
0 0.567077 0.377470 0.008867 0.027706
2 0.579090 0.381014 0.045481 0.035223
0 0.547769 0.369094 0.012586 0.017826
0 0.537900 0.365657 0.011156 0.035009
0 0.573084 0.430735 0.006007 0.015249
0 0.462672 0.459622 0.020881 0.017182
0 0.401173 0.551654 0.122140 0.069802
0 0.519308 0.550043 0.006007 0.019330
0 0.700086 0.433956 0.010011 0.024270
2 0.729977 0.430198 0.070366 0.048969
0 0.810355 0.355777 0.029176 0.045318
2 0.823084 0.358462 0.055778 0.059708
1 0.803347 0.364154 0.094108 0.071091
0 0.871138 0.320232 0.010011 0.019759
2 0.875143 0.321735 0.018593 0.024055
0 0.888444 0.364905 0.017735 0.042096
2 0.894308 0.364798 0.029462 0.042741
1 0.891447 0.350945 0.034611 0.070876
0 0.913473 0.510846 0.012872 0.019974
0 0.938644 0.562930 0.008867 0.029639
0 0.972826 0.416881 0.005721 0.020619
0 0.948513 0.404210 0.012014 0.019330
0 0.943650 0.343643 0.007437 0.014605
