0 0.848346 0.581699 0.040441 0.075163
2 0.872396 0.586601 0.111213 0.088235
0 0.616728 0.754289 0.027574 0.042892
2 0.629596 0.734273 0.055147 0.089461
1 0.622549 0.750000 0.068015 0.122549
0 0.769608 0.595588 0.035539 0.057190
2 0.774510 0.601511 0.050245 0.069036
0 0.840533 0.193219 0.018689 0.048203
2 0.855545 0.198325 0.067096 0.101716
1 0.842678 0.219567 0.093444 0.145833
0 0.537377 0.436479 0.096814 0.123775
2 0.531097 0.462010 0.110600 0.174837
1 0.513787 0.465278 0.145221 0.223039
1 0.861366 0.577206 0.135110 0.111928
0 0.620558 0.283292 0.015012 0.030637
2 0.627911 0.267974 0.029105 0.080065
1 0.620404 0.285948 0.044118 0.116013
0 0.613971 0.543505 0.012255 0.059232
2 0.644301 0.542484 0.071078 0.062908
1 0.627757 0.540033 0.105392 0.089869
0 0.746477 0.461601 0.039522 0.050654
2 0.737592 0.455270 0.056066 0.091912
