0 0.760263 0.638685 0.011336 0.063317
2 0.797488 0.646038 0.087010 0.078023
1 0.777420 0.623775 0.129596 0.122549
0 0.719822 0.905229 0.029718 0.038399
2 0.740043 0.886846 0.077512 0.092320
0 0.492034 0.490605 0.026348 0.016340
2 0.515319 0.425449 0.104167 0.146650
1 0.501838 0.457312 0.132353 0.215278
0 0.963695 0.784722 0.046262 0.051471
2 0.966912 0.793709 0.066176 0.069444
0 0.927849 0.474673 0.017463 0.040033
2 0.930913 0.456699 0.032782 0.082516
0 0.889706 0.360090 0.023284 0.050245
2 0.902880 0.340686 0.050858 0.099673
1 0.893689 0.352328 0.068627 0.122958
