0 0.391697 0.353350 0.033395 0.193627
2 0.416973 0.315359 0.085172 0.303922
1 0.383885 0.349877 0.153186 0.375408
0 0.733150 0.789011 0.018995 0.007761
2 0.744026 0.758578 0.045037 0.071895
0 0.667126 0.144199 0.036458 0.132353
2 0.653493 0.158905 0.064951 0.161765
0 0.609835 0.290237 0.008272 0.037990
2 0.606005 0.295547 0.017770 0.054330
1 0.609528 0.303717 0.024816 0.069853
0 0.210172 0.869485 0.052083 0.118873
2 0.261029 0.888889 0.152574 0.159314
1 0.250000 0.904412 0.173407 0.191176
0 0.922028 0.962010 0.041973 0.071895
2 0.898897 0.963235 0.088235 0.073529
