1 0.496500 0.497125 0.329667 0.263750
1 0.801000 0.397375 0.105333 0.090250
0 0.495333 0.185500 0.084667 0.159500
2 0.076167 0.217125 0.150333 0.144250
2 0.286500 0.081625 0.120333 0.162750
0 0.275000 0.285750 0.022000 0.102000
0 0.131333 0.214000 0.040000 0.138000
0 0.504667 0.439875 0.023333 0.147750
2 0.575833 0.453500 0.169000 0.175000
2 0.485000 0.195750 0.106667 0.178000
0 0.319500 0.074125 0.053000 0.144750
0 0.319500 0.216000 0.043667 0.112500
0 0.577833 0.158500 0.059000 0.141000
0 0.795667 0.411375 0.046000 0.035250
2 0.790333 0.417875 0.082667 0.047250
0 0.770667 0.156500 0.020667 0.047000
2 0.767333 0.144625 0.056000 0.094750
1 0.759667 0.167250 0.072667 0.138000
0 0.323167 0.585750 0.017667 0.014000
2 0.319833 0.594875 0.067667 0.033750
1 0.318833 0.554000 0.069667 0.115500
0 0.817833 0.015875 0.026333 0.031250
2 0.788333 0.036000 0.087333 0.070500
0 0.248833 0.757750 0.015667 0.017000
2 0.249667 0.766125 0.056667 0.030750
1 0.237333 0.747000 0.079333 0.070500
