0 0.239430 0.760417 0.014400 0.055964
2 0.219669 0.718546 0.058211 0.162582
1 0.242953 0.733660 0.105392 0.200163
0 0.656403 0.479575 0.016850 0.040033
1 0.657169 0.503268 0.018382 0.091503
0 0.876838 0.274510 0.026348 0.070261
2 0.894301 0.279616 0.062500 0.077206
0 0.103860 0.072917 0.033701 0.117239
2 0.127757 0.081291 0.081495 0.133987
1 0.126072 0.102737 0.084865 0.176879
0 0.464461 0.039011 0.030637 0.076389
2 0.488664 0.049428 0.080882 0.098039
1 0.471814 0.073529 0.116422 0.141340
0 0.850950 0.209150 0.043199 0.111111
2 0.831648 0.221201 0.079963 0.132761
0 0.488817 0.386642 0.032169 0.235703
2 0.456495 0.408701 0.094975 0.277369
1 0.510723 0.441585 0.203431 0.345588
