1 0.758833 0.225250 0.153667 0.175000
2 0.298333 0.234875 0.020667 0.039750
1 0.095500 0.494000 0.157667 0.138500
2 0.784833 0.550375 0.069000 0.083250
0 0.549000 0.423625 0.041333 0.075750
0 0.454000 0.470875 0.018000 0.051250
2 0.874667 0.368000 0.140000 0.171000
0 0.180500 0.027125 0.020333 0.052250
2 0.180667 0.033375 0.041333 0.064750
0 0.016333 0.016250 0.030000 0.031500
2 0.022500 0.021875 0.042333 0.040750
0 0.212333 0.150125 0.010000 0.034750
2 0.193500 0.154875 0.051000 0.052250
0 0.215667 0.189125 0.022667 0.034750
2 0.221333 0.202375 0.034000 0.060250
0 0.298667 0.241500 0.012000 0.026000
0 0.052167 0.278125 0.011667 0.025250
0 0.111833 0.488000 0.014333 0.064500
2 0.139833 0.475875 0.069667 0.102250
0 0.121167 0.403500 0.011667 0.039500
0 0.258500 0.400750 0.024333 0.042500
0 0.365000 0.394500 0.015333 0.033500
2 0.465667 0.459000 0.041333 0.089000
0 0.472167 0.573375 0.010333 0.027750
0 0.291000 0.491875 0.038000 0.043750
0 0.335333 0.659500 0.026667 0.036500
0 0.241500 0.656750 0.029667 0.039000
2 0.243833 0.661000 0.033667 0.047000
0 0.340167 0.820125 0.035000 0.038250
2 0.392667 0.801625 0.142000 0.075750
0 0.535500 0.791375 0.138333 0.043750
0 0.784833 0.941875 0.041000 0.012750
2 0.807333 0.950375 0.086000 0.028250
1 0.755167 0.931625 0.190333 0.055750
0 0.756000 0.555500 0.012000 0.059500
0 0.635500 0.561500 0.053000 0.077500
2 0.614167 0.571000 0.097000 0.096000
0 0.823500 0.593375 0.031667 0.059750
2 0.849333 0.616375 0.083333 0.105250
1 0.828500 0.583125 0.119000 0.170750
0 0.857667 0.528125 0.049333 0.076750
2 0.863333 0.528125 0.062667 0.076750
0 0.865333 0.388625 0.050667 0.070250
0 0.768333 0.435625 0.012667 0.028750
2 0.755833 0.414875 0.043000 0.080250
0 0.673833 0.500750 0.011000 0.029000
0 0.678833 0.412500 0.013667 0.056000
2 0.696333 0.410375 0.048667 0.084750
1 0.633333 0.420625 0.172667 0.106250
0 0.479500 0.181250 0.013000 0.043500
2 0.469167 0.186750 0.036333 0.054000
0 0.740333 0.190750 0.017333 0.081500
2 0.721167 0.202375 0.055667 0.105250
0 0.588500 0.191625 0.008333 0.022250
2 0.571000 0.174125 0.044667 0.056250
1 0.597167 0.174625 0.095000 0.056750
0 0.314833 0.208625 0.011667 0.042250
0 0.851333 0.147750 0.038667 0.038500
0 0.841667 0.070125 0.048000 0.071250
2 0.817333 0.078500 0.095333 0.087500
