0 0.594363 0.386234 0.020221 0.095997
2 0.622549 0.314951 0.075980 0.255719
1 0.557292 0.328227 0.210784 0.282271
0 0.410080 0.541871 0.023591 0.179330
2 0.364583 0.527165 0.117647 0.234069
1 0.395221 0.541258 0.180147 0.266340
0 0.231311 0.567402 0.054534 0.120915
2 0.264400 0.544118 0.118260 0.169118
1 0.230852 0.542279 0.186581 0.169526
0 0.265931 0.126634 0.011642 0.093954
2 0.284161 0.103758 0.046262 0.158497
1 0.251991 0.118873 0.108762 0.227124
0 0.653493 0.504698 0.022672 0.103350
2 0.696538 0.508170 0.106311 0.140523
