0 0.451900 0.236928 0.014093 0.076797
2 0.460938 0.223039 0.041360 0.114379
1 0.455423 0.269608 0.054228 0.209150
0 0.229626 0.647672 0.025429 0.089461
0 0.186428 0.341299 0.011949 0.029820
2 0.192249 0.351307 0.023591 0.064542
1 0.179994 0.362745 0.049326 0.087418
0 0.105852 0.243260 0.020527 0.020833
2 0.103094 0.228758 0.026654 0.049020
0 0.102022 0.531454 0.023897 0.033497
2 0.099571 0.503881 0.027574 0.086193
2 0.214920 0.646650 0.059130 0.089052
0 0.654718 0.326389 0.029412 0.066993
2 0.652114 0.357435 0.087929 0.125817
1 0.641085 0.368464 0.112439 0.145425
0 0.569087 0.404412 0.073223 0.186275
2 0.555913 0.396855 0.099571 0.320670
1 0.589308 0.447712 0.166973 0.424020
0 0.204504 0.143587 0.021752 0.098448
2 0.224112 0.155842 0.060968 0.124592
0 0.733456 0.729167 0.084559 0.112745
2 0.739737 0.722835 0.145527 0.126225
1 0.706189 0.734273 0.213235 0.145833
0 0.414982 0.772672 0.030331 0.059232
2 0.412224 0.792279 0.036458 0.095997
1 0.444547 0.785335 0.101716 0.136029
0 0.087010 0.369690 0.011029 0.053105
2 0.106005 0.375000 0.045956 0.062092
