0 0.487132 0.430147 0.027574 0.100490
2 0.489277 0.401348 0.055147 0.173611
1 0.515165 0.425041 0.108150 0.223448
0 0.170037 0.356209 0.022059 0.085784
2 0.168658 0.349673 0.064645 0.098856
1 0.175092 0.361315 0.075061 0.120507
0 0.937347 0.743464 0.062194 0.081699
2 0.922488 0.760825 0.091912 0.118056
0 0.732077 0.347018 0.054841 0.048611
2 0.725950 0.372345 0.133272 0.102533
0 0.673100 0.028186 0.058824 0.055556
2 0.673407 0.056577 0.150735 0.112337
0 0.253064 0.109681 0.061275 0.218546
2 0.274050 0.142565 0.104473 0.282680
1 0.309283 0.163807 0.171262 0.325980
1 0.917433 0.776144 0.103248 0.147876
