2 0.550333 0.349875 0.114000 0.116750
1 0.580167 0.573500 0.288333 0.254500
1 0.333167 0.351750 0.201667 0.128500
2 0.119333 0.291000 0.085333 0.081500
0 0.183667 0.563125 0.061333 0.065250
2 0.722833 0.295750 0.043667 0.060000
0 0.481000 0.122000 0.030667 0.028500
0 0.084667 0.297500 0.014000 0.056000
0 0.357500 0.327250 0.055667 0.075000
2 0.381833 0.327250 0.104333 0.075000
0 0.583333 0.341750 0.046667 0.098500
0 0.548167 0.328750 0.017000 0.013000
2 0.546667 0.302000 0.028667 0.068000
1 0.566167 0.311250 0.097667 0.086000
0 0.728833 0.285375 0.029667 0.037750
0 0.658333 0.368875 0.024000 0.068750
2 0.637167 0.373500 0.065000 0.078000
0 0.389833 0.470875 0.035000 0.086250
2 0.451000 0.477750 0.157333 0.101000
0 0.542833 0.579125 0.032333 0.084750
2 0.497667 0.538000 0.122667 0.184000
0 0.432333 0.209500 0.014667 0.046500
0 0.526833 0.079500 0.053667 0.058000
2 0.501500 0.071500 0.104333 0.104500
1 0.479500 0.082625 0.146333 0.126250
0 0.597000 0.102250 0.031333 0.085500
2 0.623833 0.115750 0.082333 0.112500
0 0.290167 0.891625 0.023000 0.085750
2 0.220333 0.884250 0.161333 0.103500
1 0.294000 0.893750 0.302667 0.140500
0 0.850333 0.812750 0.032667 0.139500
2 0.917500 0.832000 0.165000 0.175000
0 0.765500 0.224000 0.049000 0.048000
2 0.801833 0.223875 0.121667 0.049250
1 0.776167 0.236000 0.173000 0.072000
0 0.238667 0.699125 0.016667 0.040250
2 0.168333 0.573375 0.090667 0.086750
0 0.013333 0.606500 0.024667 0.071500
0 0.012833 0.122250 0.017000 0.040000
