0 0.856464 0.957925 0.019914 0.053922
2 0.888174 0.957312 0.097426 0.085376
1 0.862132 0.937296 0.149510 0.125408
0 0.109528 0.368056 0.026654 0.050654
2 0.132353 0.417484 0.080270 0.152778
1 0.158241 0.390931 0.129596 0.240196
0 0.454350 0.478758 0.015319 0.064542
2 0.446538 0.435866 0.050551 0.150327
1 0.406556 0.459150 0.136029 0.200163
0 0.596201 0.414011 0.017770 0.066585
2 0.615502 0.414216 0.057598 0.093137
0 0.330882 0.812500 0.027574 0.040033
2 0.341759 0.856413 0.046262 0.123775
0 0.505208 0.908292 0.036765 0.065768
2 0.520527 0.859069 0.070466 0.168301
