0 0.779259 0.673815 0.155944 0.042892
2 0.759344 0.715686 0.189032 0.147059
1 0.745558 0.681168 0.252145 0.224265
0 0.556526 0.402574 0.072610 0.019199
2 0.553922 0.368464 0.100490 0.094771
1 0.529871 0.401757 0.146140 0.165441
0 0.624234 0.212623 0.105699 0.112337
2 0.622089 0.229984 0.146752 0.146242
0 0.581189 0.223652 0.066176 0.065768
0 0.138634 0.510417 0.086091 0.035539
2 0.122549 0.458946 0.122549 0.171977
0 0.124081 0.340891 0.022672 0.082108
2 0.125613 0.359069 0.061275 0.117647
1 0.132659 0.334763 0.072304 0.166258
0 0.472120 0.019608 0.046569 0.038399
2 0.449295 0.044322 0.111826 0.087827
