0 0.722580 0.281454 0.065870 0.089869
2 0.708180 0.275940 0.098346 0.185049
1 0.696232 0.301471 0.122855 0.241830
0 0.846507 0.953840 0.042892 0.017157
2 0.850490 0.936479 0.074755 0.059232
1 0.835938 0.951185 0.108150 0.095997
0 0.473499 0.847222 0.016238 0.030229
2 0.485907 0.814951 0.048407 0.100490
0 0.273744 0.502859 0.043811 0.069444
2 0.302543 0.508987 0.098958 0.087418
0 0.287990 0.330474 0.047181 0.057190
2 0.300858 0.369077 0.072917 0.136029
1 0.263174 0.347018 0.148284 0.181781
0 0.089920 0.457721 0.038297 0.079657
0 0.629289 0.673815 0.045956 0.037173
2 0.614737 0.636234 0.081801 0.113971
0 0.475031 0.393587 0.048713 0.228350
2 0.423560 0.393995 0.151654 0.269199
1 0.507966 0.420547 0.320466 0.324755
2 0.065564 0.476103 0.108456 0.117239
