0 0.712929 0.433415 0.044730 0.120915
0 0.383119 0.564134 0.027880 0.090686
2 0.327206 0.536560 0.136642 0.151552
0 0.167586 0.234477 0.028799 0.102124
2 0.149203 0.244485 0.065564 0.124592
0 0.932598 0.030637 0.022059 0.060458
2 0.914675 0.056577 0.059130 0.112337
0 0.358609 0.671977 0.035846 0.084150
2 0.385263 0.672794 0.089154 0.115196
0 0.529565 0.312296 0.041360 0.296160
2 0.481311 0.343342 0.139706 0.358252
1 0.556373 0.383170 0.289828 0.441993
2 0.696538 0.409722 0.076900 0.256536
1 0.705116 0.447508 0.092831 0.325572
0 0.648131 0.898897 0.076287 0.168709
