0 0.848346 0.580270 0.060662 0.091095
2 0.849877 0.542688 0.090686 0.176062
1 0.839461 0.585784 0.113971 0.267974
0 0.542739 0.325368 0.091605 0.154820
2 0.522825 0.358252 0.127757 0.227124
0 0.519455 0.285335 0.049939 0.137663
0 0.314951 0.259191 0.021446 0.072304
0 0.455423 0.076593 0.015625 0.066585
2 0.482843 0.070057 0.079044 0.115605
0 0.435662 0.490400 0.013480 0.044526
2 0.435355 0.460580 0.031250 0.104984
0 0.228707 0.947304 0.019914 0.080882
2 0.206648 0.942198 0.067096 0.093546
0 0.954197 0.154208 0.053615 0.162173
0 0.229933 0.204044 0.031556 0.098448
2 0.255055 0.208538 0.081801 0.128676
0 0.217218 0.753268 0.042279 0.074346
2 0.205576 0.710989 0.067402 0.161356
1 0.176777 0.738971 0.123162 0.211601
