0 0.475797 0.407884 0.025123 0.110703
2 0.460172 0.343137 0.073529 0.250000
1 0.539062 0.361724 0.230086 0.287173
0 0.291973 0.163807 0.017770 0.086601
2 0.305453 0.107639 0.064951 0.198121
0 0.591452 0.874183 0.069547 0.046569
2 0.581036 0.862949 0.094669 0.097631
1 0.583946 0.893791 0.170343 0.159314
0 0.183517 0.108660 0.026348 0.141340
2 0.190411 0.093750 0.078125 0.186683
1 0.125000 0.148693 0.214461 0.296569
0 0.725950 0.071283 0.033395 0.089461
2 0.698683 0.062296 0.084865 0.123775
0 0.889246 0.419118 0.107537 0.063725
0 0.289675 0.818627 0.059743 0.119281
2 0.344210 0.769608 0.170650 0.219771
1 0.275123 0.785743 0.311887 0.252042
0 0.734988 0.948121 0.070466 0.067810
2 0.716912 0.914011 0.108456 0.138480
