0 0.370558 0.475694 0.016850 0.059232
2 0.381740 0.450776 0.043505 0.136029
1 0.359375 0.440155 0.078431 0.181781
0 0.848039 0.448734 0.085172 0.116422
2 0.836244 0.396855 0.106311 0.214461
1 0.809896 0.424020 0.166360 0.268791
0 0.511642 0.453431 0.011642 0.029412
2 0.522978 0.334967 0.048407 0.267974
1 0.478554 0.353758 0.141544 0.310458
0 0.568934 0.061887 0.017770 0.090278
2 0.581189 0.065359 0.050245 0.098856
0 0.175245 0.721814 0.050858 0.158497
2 0.158701 0.732230 0.083946 0.179330
1 0.176471 0.758987 0.117647 0.232843
0 0.522059 0.837010 0.031250 0.070261
2 0.525888 0.847426 0.037684 0.091095
