0 0.699142 0.299020 0.025735 0.021242
2 0.709099 0.237337 0.072610 0.156046
1 0.790901 0.257761 0.268076 0.202614
0 0.463388 0.455882 0.024203 0.104575
0 0.260570 0.235294 0.046262 0.116013
2 0.221661 0.191789 0.130821 0.211193
1 0.283088 0.202206 0.253676 0.232026
0 0.031097 0.096405 0.041973 0.071078
2 0.031250 0.100286 0.061887 0.131944
1 0.045190 0.089869 0.089767 0.178922
2 0.517004 0.444853 0.131434 0.167484
1 0.460172 0.440564 0.245098 0.232435
0 0.026654 0.308619 0.052696 0.104984
2 0.053922 0.326389 0.102328 0.144608
1 0.064491 0.373979 0.121630 0.239788
0 0.179228 0.472426 0.060662 0.072304
2 0.187960 0.423815 0.079350 0.173611
