1 0.494000 0.614375 0.485333 0.319750
0 0.098667 0.351375 0.050000 0.054250
0 0.785500 0.269625 0.123667 0.094750
0 0.447833 0.581000 0.039000 0.172000
2 0.359667 0.568625 0.212667 0.232250
0 0.449833 0.675875 0.023667 0.084250
2 0.419333 0.668125 0.082000 0.131250
1 0.553333 0.603000 0.352667 0.263500
0 0.616500 0.393500 0.026333 0.061500
2 0.587333 0.395125 0.082000 0.081250
0 0.612500 0.755000 0.023667 0.088500
0 0.865167 0.134750 0.029000 0.085500
0 0.895833 0.029500 0.045667 0.052000
2 0.884667 0.045125 0.070667 0.083250
0 0.707667 0.122250 0.080667 0.173000
0 0.639500 0.308125 0.127667 0.173750
0 0.777667 0.703375 0.101333 0.120750
0 0.923167 0.725250 0.153667 0.200000
0 0.122167 0.115875 0.085000 0.068750
