0 0.657271 0.402267 0.024510 0.123162
2 0.626021 0.398284 0.091095 0.170956
1 0.706904 0.420037 0.235703 0.207108
0 0.304534 0.256434 0.003676 0.013480
2 0.292279 0.256740 0.033088 0.020221
0 0.534314 0.077665 0.010621 0.015625
2 0.516136 0.076134 0.045343 0.019914
0 0.166258 0.469669 0.013072 0.031863
2 0.140319 0.469822 0.064134 0.042586
1 0.150940 0.475797 0.082108 0.054534
0 0.271446 0.375460 0.015931 0.021140
2 0.244690 0.375766 0.071078 0.022978
1 0.257966 0.380974 0.092729 0.032169
0 0.339052 0.458487 0.012255 0.016850
2 0.334355 0.462623 0.022467 0.024510
1 0.335172 0.451593 0.024918 0.047794
0 0.108864 0.660846 0.044526 0.012255
2 0.102533 0.677696 0.058007 0.045343
1 0.107639 0.660080 0.069036 0.080576
