0 0.513480 0.436479 0.020833 0.071487
2 0.513480 0.407475 0.040441 0.136846
1 0.540594 0.421160 0.100797 0.166667
0 0.360754 0.221609 0.019914 0.051879
2 0.348499 0.262255 0.044424 0.140523
0 0.122396 0.395629 0.020527 0.095997
2 0.094822 0.405433 0.082414 0.115605
0 0.466146 0.216912 0.016850 0.078431
0 0.692708 0.423815 0.035539 0.050245
0 0.296722 0.099265 0.020527 0.086601
2 0.305913 0.109477 0.038909 0.107843
0 0.871630 0.109681 0.053922 0.082108
2 0.850797 0.075776 0.097426 0.147467
1 0.901042 0.077614 0.197304 0.151144
0 0.987745 0.079657 0.024510 0.044118
2 0.982996 0.054739 0.034007 0.097222
