2 0.501333 0.571625 0.234667 0.238750
1 0.333500 0.640750 0.264333 0.196000
2 0.093000 0.191000 0.119333 0.151000
2 0.356333 0.837750 0.055333 0.066500
0 0.188167 0.562750 0.048333 0.075000
0 0.354167 0.594625 0.045667 0.103250
2 0.289167 0.605125 0.175667 0.123750
0 0.579833 0.568750 0.079667 0.184000
0 0.344500 0.380500 0.042333 0.083500
2 0.323333 0.405875 0.110667 0.135750
0 0.343667 0.839500 0.027333 0.062000
0 0.264333 0.663125 0.022667 0.060250
0 0.044167 0.346500 0.013000 0.058000
2 0.044167 0.361875 0.043000 0.088750
0 0.096000 0.186875 0.045333 0.094250
0 0.705000 0.032750 0.060667 0.038000
0 0.563500 0.025875 0.019667 0.050750
0 0.405167 0.213250 0.021000 0.041500
0 0.891500 0.371000 0.029000 0.075000
