0 0.266340 0.683211 0.076797 0.149510
2 0.300245 0.716452 0.144608 0.221507
1 0.241626 0.678309 0.259395 0.299020
0 0.840278 0.954350 0.044935 0.090686
2 0.898693 0.953125 0.161765 0.093750
0 0.441176 0.678002 0.053922 0.110294
2 0.406046 0.670803 0.122549 0.127757
1 0.452206 0.682904 0.220588 0.154412
0 0.174224 0.703125 0.047794 0.094363
2 0.189134 0.761336 0.114379 0.210784
0 0.568627 0.886949 0.071078 0.173407
2 0.518995 0.891085 0.170343 0.217831
1 0.592320 0.870864 0.316993 0.257659
1 0.855801 0.953585 0.246732 0.092831
0 0.898693 0.629136 0.049020 0.046262
2 0.896038 0.639706 0.057598 0.087623
