0 0.602328 0.440155 0.035539 0.107435
2 0.590533 0.456699 0.061581 0.136438
0 0.525429 0.316176 0.007353 0.026144
2 0.531863 0.302083 0.023897 0.060866
1 0.521140 0.311479 0.046569 0.080474
0 0.797181 0.175654 0.014706 0.050654
2 0.799326 0.166054 0.024510 0.081291
1 0.605699 0.485090 0.091912 0.195670
0 0.189798 0.758170 0.014400 0.030229
2 0.174479 0.761438 0.046262 0.058824
1 0.182445 0.774510 0.063419 0.084967
0 0.375000 0.758783 0.034314 0.104984
2 0.365196 0.745507 0.053922 0.163399
1 0.358609 0.768995 0.069547 0.211193
0 0.940717 0.616422 0.103860 0.222222
2 0.926624 0.661560 0.146752 0.310866
0 0.822763 0.753268 0.046875 0.079248
2 0.817096 0.720384 0.058211 0.227533
1 0.849724 0.744281 0.123468 0.282680
0 0.842678 0.507149 0.014400 0.049428
2 0.837163 0.495711 0.026042 0.093546
0 0.510417 0.233660 0.038603 0.063725
1 0.805607 0.184845 0.037071 0.119690
0 0.880821 0.205678 0.037377 0.042075
2 0.890165 0.213235 0.070159 0.057190
1 0.876838 0.209559 0.098039 0.084150
0 0.216912 0.745915 0.012255 0.029412
2 0.208487 0.714869 0.030331 0.093954
0 0.091912 0.684641 0.011029 0.038399
2 0.101256 0.686683 0.029718 0.043301
0 0.195006 0.603145 0.008272 0.047794
2 0.181985 0.608456 0.033701 0.057598
0 0.157322 0.602533 0.011949 0.038399
2 0.151042 0.601716 0.024510 0.057190
0 0.197457 0.488766 0.010110 0.033905
2 0.191176 0.473039 0.022672 0.068627
1 0.200674 0.482230 0.041667 0.087010
