0 0.541462 0.265472 0.026552 0.080576
2 0.511438 0.240809 0.092320 0.132353
1 0.548611 0.256127 0.168301 0.167279
0 0.263480 0.135723 0.052288 0.189951
2 0.200980 0.145067 0.181373 0.215993
1 0.268178 0.126991 0.312500 0.253370
0 0.525123 0.030025 0.030637 0.058824
2 0.536969 0.038143 0.055964 0.075061
1 0.504493 0.062806 0.122549 0.118260
0 0.487337 0.363971 0.071895 0.180147
2 0.519812 0.386795 0.136846 0.225797
1 0.487337 0.404565 0.203431 0.260110
0 0.145833 0.746630 0.117647 0.062500
2 0.107435 0.718444 0.197712 0.118873
1 0.159926 0.743107 0.302696 0.170650
