1 0.200333 0.288875 0.230000 0.191750
0 0.054833 0.524250 0.093000 0.091500
1 0.757667 0.428375 0.219333 0.195750
2 0.386000 0.434125 0.068000 0.142750
0 0.030000 0.380000 0.059333 0.165500
2 0.922833 0.475875 0.154333 0.146750
2 0.516167 0.732375 0.075000 0.060250
0 0.193667 0.278375 0.033333 0.143750
2 0.245167 0.272625 0.139000 0.157250
0 0.366500 0.458125 0.023667 0.082250
1 0.333333 0.444000 0.165333 0.177000
0 0.697167 0.447625 0.057000 0.055250
2 0.697833 0.404375 0.061000 0.143750
0 0.875667 0.464375 0.055333 0.101250
0 0.261167 0.238875 0.042333 0.110750
2 0.277000 0.206000 0.077333 0.187000
0 0.407667 0.507125 0.028000 0.075750
2 0.392167 0.489875 0.059000 0.110250
0 0.560000 0.377875 0.040000 0.071750
0 0.496667 0.306250 0.027333 0.111500
2 0.479667 0.306625 0.061333 0.114250
0 0.753667 0.507625 0.060667 0.109750
2 0.725167 0.529000 0.117667 0.151000
0 0.541167 0.738375 0.019000 0.049250
0 0.789333 0.170125 0.077333 0.109750
0 0.265000 0.038000 0.033333 0.071500
