0 0.485600 0.470384 0.029412 0.095997
2 0.527420 0.358047 0.103860 0.326389
1 0.469669 0.382557 0.220588 0.376225
0 0.445006 0.599060 0.019301 0.125408
2 0.415441 0.603554 0.079657 0.130310
0 0.173713 0.198325 0.020833 0.060866
0 0.103707 0.160131 0.019301 0.105392
2 0.114890 0.132353 0.042892 0.160948
1 0.093903 0.154820 0.090380 0.210784
0 0.945619 0.301471 0.032782 0.145425
2 0.964308 0.316993 0.071385 0.174837
1 0.943168 0.318627 0.113664 0.177288
0 0.453431 0.127655 0.021446 0.077206
2 0.446385 0.131332 0.034926 0.088644
0 0.989583 0.710376 0.020833 0.075980
2 0.983609 0.719567 0.032782 0.092729
1 0.962316 0.726920 0.075368 0.110703
0 0.243413 0.099673 0.014400 0.116830
2 0.232230 0.109681 0.036765 0.138480
1 0.245404 0.120098 0.060662 0.162582
