0 0.513480 0.447304 0.033701 0.077614
2 0.524663 0.363766 0.054228 0.252859
1 0.483303 0.388480 0.136949 0.305556
0 0.358609 0.397876 0.010110 0.085784
2 0.356158 0.404003 0.020527 0.093954
0 0.719822 0.517157 0.018689 0.084967
0 0.826746 0.139093 0.024203 0.025735
2 0.852635 0.082925 0.069240 0.139706
1 0.825368 0.086193 0.118260 0.150327
0 0.480699 0.307598 0.012255 0.068627
2 0.491575 0.295956 0.032782 0.126225
1 0.474265 0.300449 0.068015 0.133578
0 0.034314 0.306781 0.015319 0.066176
2 0.029871 0.314747 0.026654 0.081291
0 0.034161 0.846609 0.019914 0.042075
2 0.022825 0.849673 0.043811 0.048203
1 0.033241 0.850082 0.065870 0.071078
0 0.614124 0.633170 0.017463 0.111111
2 0.596354 0.628676 0.055453 0.119281
1 0.625306 0.658292 0.112745 0.178513
0 0.275276 0.048203 0.021140 0.050654
2 0.286152 0.037377 0.042892 0.073938
1 0.301164 0.065564 0.072917 0.130310
0 0.049326 0.161560 0.017157 0.081291
2 0.057751 0.173407 0.032169 0.104984
0 0.040135 0.038807 0.018382 0.062092
2 0.042739 0.044322 0.028493 0.071487
1 0.044884 0.060458 0.043811 0.105392
0 0.171569 0.153186 0.032475 0.097222
0 0.119485 0.750613 0.052083 0.084559
2 0.130208 0.759395 0.074755 0.102941
