0 0.492188 0.419730 0.020527 0.132761
2 0.461857 0.426879 0.078125 0.160131
1 0.438266 0.447304 0.135110 0.209150
0 0.475643 0.225899 0.019301 0.130719
2 0.423866 0.220588 0.124694 0.164216
0 0.730852 0.895221 0.015012 0.033088
2 0.706648 0.931781 0.062194 0.113562
1 0.723346 0.896242 0.095588 0.198529
0 0.836857 0.456291 0.016238 0.069444
0 0.168964 0.739583 0.024203 0.024918
2 0.172028 0.727533 0.034620 0.052288
0 0.285846 0.372753 0.039828 0.051062
2 0.282475 0.371528 0.049632 0.067402
0 0.091605 0.036356 0.010417 0.057190
0 0.671109 0.613154 0.034620 0.162582
2 0.709865 0.637459 0.116422 0.213644
0 0.946844 0.763276 0.106311 0.037990
2 0.907169 0.715482 0.185662 0.139297
