0 0.507812 0.382149 0.062194 0.220997
2 0.626685 0.385212 0.298713 0.227124
0 0.546262 0.872753 0.025123 0.030637
2 0.604013 0.895629 0.141850 0.089461
0 0.897212 0.544935 0.132659 0.040850
2 0.876379 0.489175 0.176164 0.183415
0 0.876685 0.384600 0.107537 0.172794
2 0.838235 0.408088 0.189338 0.218137
1 0.521752 0.804126 0.306985 0.272467
0 0.405790 0.874387 0.062806 0.094363
2 0.313113 0.815564 0.250000 0.216095
0 0.124540 0.809845 0.034620 0.051062
2 0.121477 0.776757 0.040748 0.121324
0 0.394761 0.622345 0.081801 0.088644
2 0.466605 0.559436 0.225490 0.212827
