1 0.170167 0.415875 0.079000 0.118750
2 0.224167 0.432875 0.018333 0.097250
2 0.310500 0.646500 0.067667 0.125000
0 0.762500 0.099250 0.055667 0.073000
2 0.595000 0.732375 0.086667 0.201750
0 0.173333 0.417250 0.022000 0.047500
2 0.164167 0.402750 0.067000 0.092000
0 0.283667 0.506375 0.010000 0.035750
2 0.278500 0.493375 0.022333 0.063250
0 0.223000 0.464750 0.015333 0.033500
1 0.245833 0.433375 0.061667 0.097750
0 0.158167 0.604500 0.017000 0.057500
2 0.138167 0.604500 0.057667 0.058000
0 0.386000 0.268375 0.021333 0.038750
0 0.358167 0.147750 0.014333 0.042500
2 0.372167 0.137500 0.041667 0.062500
0 0.263667 0.298625 0.014667 0.019750
2 0.236833 0.307500 0.068333 0.038000
0 0.457833 0.472125 0.049000 0.072750
2 0.404833 0.479125 0.156333 0.086250
0 0.311833 0.662625 0.045667 0.091750
0 0.450167 0.624375 0.016333 0.042750
2 0.446000 0.630000 0.026667 0.054000
0 0.087333 0.386625 0.019333 0.064250
2 0.067000 0.392750 0.060667 0.084000
0 0.602167 0.732875 0.049000 0.201750
0 0.833667 0.882125 0.007333 0.019250
2 0.832667 0.872750 0.028667 0.046000
0 0.722667 0.686375 0.041333 0.058250
0 0.652667 0.327125 0.017333 0.047750
0 0.755167 0.323875 0.111000 0.091250
0 0.830167 0.477500 0.058333 0.108000
