0 0.522672 0.335172 0.029412 0.229984
2 0.576746 0.353758 0.137561 0.263072
1 0.531250 0.367443 0.230392 0.288807
0 0.686734 0.309641 0.016238 0.102941
2 0.655331 0.221201 0.077819 0.292892
0 0.233150 0.678309 0.015931 0.182598
2 0.193627 0.692402 0.090686 0.210784
1 0.202512 0.728554 0.106618 0.283088
0 0.749694 0.244077 0.037377 0.108252
0 0.815870 0.222018 0.008578 0.078023
2 0.772825 0.131740 0.096507 0.262663
1 0.863358 0.131127 0.273284 0.261438
0 0.887868 0.737541 0.094975 0.168709
2 0.864124 0.700776 0.143689 0.279820
