0 0.658854 0.428922 0.070772 0.116830
2 0.642157 0.381740 0.104167 0.238971
0 0.374694 0.238766 0.030637 0.078840
2 0.371477 0.252042 0.067096 0.115196
1 0.357384 0.240605 0.098958 0.165850
0 0.025429 0.426266 0.011029 0.045343
2 0.019455 0.361315 0.038297 0.189134
1 0.030944 0.377859 0.061275 0.226307
0 0.878983 0.927900 0.043505 0.015114
2 0.889706 0.902778 0.079044 0.078431
1 0.881740 0.917075 0.096201 0.105392
0 0.554075 0.950980 0.027880 0.045752
2 0.554228 0.961193 0.052083 0.064542
0 0.202819 0.121119 0.025735 0.131944
2 0.165135 0.143587 0.099877 0.176879
1 0.193321 0.164420 0.155025 0.220997
