0 0.229933 0.369485 0.026654 0.053513
2 0.223039 0.404208 0.065564 0.124592
1 0.204963 0.392770 0.109069 0.170343
0 0.026042 0.287786 0.012255 0.024918
2 0.036612 0.255106 0.037071 0.143382
1 0.028339 0.277165 0.056066 0.184232
0 0.802849 0.609273 0.040748 0.080474
2 0.806219 0.586806 0.050551 0.144199
0 0.925551 0.624796 0.056985 0.089461
2 0.920650 0.628676 0.071078 0.106209
0 0.986366 0.582721 0.027267 0.067402
2 0.982384 0.552288 0.035233 0.143791
0 0.520221 0.459559 0.063725 0.182190
2 0.496936 0.440155 0.113358 0.298611
0 0.871324 0.472018 0.069853 0.149101
2 0.880362 0.474673 0.087929 0.174837
0 0.099112 0.151144 0.022978 0.077614
2 0.080576 0.150940 0.056373 0.080474
