2 0.493707 0.418922 0.054920 0.115335
0 0.561213 0.440507 0.022311 0.088058
0 0.054491 0.330756 0.030034 0.074742
2 0.168192 0.368127 0.033181 0.070017
2 0.223684 0.753973 0.105835 0.034149
0 0.358267 0.205112 0.018593 0.051546
0 0.163759 0.363509 0.024886 0.050902
0 0.195366 0.352126 0.023455 0.061211
2 0.193078 0.352234 0.029176 0.061426
0 0.348255 0.359751 0.009439 0.023196
2 0.354977 0.363402 0.022883 0.032216
0 0.493278 0.415378 0.019737 0.108677
2 0.563072 0.437822 0.042620 0.096435
0 0.597397 0.315507 0.010584 0.032216
2 0.602689 0.318729 0.019451 0.037371
1 0.593106 0.322272 0.039760 0.044459
0 0.530463 0.333226 0.010584 0.037586
0 0.498713 0.354811 0.012872 0.035223
0 0.456665 0.352985 0.022597 0.031572
0 0.335669 0.646692 0.015732 0.063574
0 0.256436 0.754081 0.039760 0.033505
0 0.232122 0.232281 0.021453 0.033720
0 0.425343 0.162693 0.003432 0.010954
0 0.464102 0.214454 0.008295 0.030713
2 0.455664 0.214454 0.025172 0.030713
0 0.655320 0.239476 0.004577 0.014175
2 0.652031 0.240765 0.011728 0.016753
0 0.619279 0.409901 0.007437 0.015249
2 0.622140 0.412371 0.014302 0.020189
0 0.675343 0.413660 0.012586 0.025773
0 0.675057 0.214669 0.005149 0.013960
0 0.642878 0.153028 0.008295 0.025129
0 0.489703 0.164734 0.005149 0.022766
0 0.694222 0.147874 0.008581 0.022122
0 0.611270 0.605241 0.031465 0.036942
2 0.606121 0.607818 0.041190 0.043814
0 0.663902 0.673969 0.014302 0.017612
2 0.669479 0.653351 0.026602 0.066581
0 0.941076 0.884558 0.026316 0.017397
0 0.932780 0.353845 0.020595 0.023840
0 0.983267 0.378973 0.018593 0.020404
0 0.853833 0.431164 0.008581 0.025988
2 0.855835 0.429231 0.014302 0.032861
0 0.756007 0.633913 0.042334 0.016108
