0 0.940104 0.206904 0.032782 0.136846
2 0.920803 0.220180 0.076900 0.165033
0 0.668811 0.886642 0.026348 0.109069
2 0.621783 0.889502 0.127145 0.170343
0 0.467831 0.392770 0.027574 0.154820
2 0.447917 0.419118 0.069240 0.209967
0 0.176164 0.662173 0.032475 0.070261
2 0.177543 0.706087 0.040135 0.158905
0 0.054075 0.891136 0.029105 0.060866
0 0.582721 0.246936 0.034926 0.096814
0 0.856618 0.856413 0.034314 0.113154
0 0.255821 0.794526 0.061275 0.063725
2 0.253830 0.803513 0.059743 0.087418
0 0.176624 0.165850 0.022365 0.072712
2 0.190257 0.180760 0.049020 0.116422
0 0.774969 0.323325 0.014400 0.080474
2 0.759804 0.289828 0.044730 0.180964
1 0.481311 0.435458 0.136642 0.236928
