0 0.580423 0.319444 0.070772 0.129902
2 0.569700 0.274510 0.093444 0.220588
1 0.604626 0.320466 0.163297 0.309232
0 0.344516 0.708538 0.016238 0.076389
2 0.362132 0.728962 0.065564 0.117239
1 0.341452 0.664828 0.099571 0.270016
0 0.867034 0.493873 0.017157 0.033497
0 0.858303 0.484886 0.024203 0.035948
0 0.669118 0.510417 0.003676 0.011029
2 0.664828 0.522672 0.012868 0.037173
0 0.738817 0.530025 0.012561 0.027369
2 0.741115 0.533905 0.017157 0.035131
0 0.783548 0.238358 0.011949 0.024918
2 0.781710 0.242034 0.015625 0.033088
1 0.784926 0.248570 0.025735 0.045343
0 0.816330 0.261642 0.013787 0.040441
2 0.825061 0.267974 0.037377 0.051471
2 0.681679 0.128676 0.018382 0.041667
1 0.675705 0.129493 0.031556 0.066993
0 0.443934 0.201185 0.007966 0.050245
2 0.450674 0.200980 0.023897 0.066993
0 0.314338 0.169935 0.006740 0.035131
2 0.317708 0.157271 0.012868 0.072712
0 0.105392 0.133578 0.020833 0.045752
2 0.092678 0.135825 0.048100 0.067402
0 0.240962 0.648080 0.040748 0.094363
2 0.215686 0.658905 0.092525 0.166667
0 0.682751 0.132353 0.005821 0.013889
0 0.380055 0.124796 0.015625 0.040441
2 0.384498 0.119281 0.024510 0.079248
0 0.130668 0.406454 0.017463 0.051471
2 0.125919 0.402982 0.028186 0.072304
1 0.130974 0.412786 0.034007 0.090278
