0 0.391748 0.348346 0.063725 0.082721
2 0.361315 0.342065 0.118873 0.116728
1 0.413194 0.365809 0.220180 0.167279
0 0.243668 0.671109 0.029003 0.031556
2 0.272059 0.682292 0.083333 0.056985
1 0.216708 0.634191 0.197304 0.153799
0 0.041667 0.611366 0.017974 0.010723
2 0.058007 0.615196 0.053105 0.043505
1 0.042688 0.621630 0.084559 0.061887
0 0.434028 0.177083 0.006127 0.009191
2 0.430964 0.185202 0.016340 0.026042
0 0.828227 0.097120 0.024101 0.023897
2 0.824551 0.096354 0.033905 0.035846
0 0.843954 0.127604 0.023693 0.018689
0 0.636029 0.098499 0.010621 0.030944
2 0.629902 0.099265 0.021242 0.034314
0 0.965482 0.130055 0.014297 0.021752
2 0.963235 0.125919 0.019608 0.037377
0 0.350286 0.101256 0.019199 0.055453
2 0.331291 0.114737 0.059641 0.082414
