0 0.495711 0.421569 0.022059 0.114379
2 0.515319 0.378472 0.060049 0.204657
1 0.488511 0.407475 0.113051 0.261846
0 0.625000 0.207925 0.012868 0.136438
2 0.608303 0.214461 0.046262 0.146242
0 0.642157 0.243668 0.020221 0.107435
1 0.626532 0.237949 0.082721 0.196487
0 0.903186 0.172181 0.031863 0.061683
2 0.907935 0.155433 0.046875 0.102533
1 0.905025 0.159109 0.051471 0.120507
0 0.833333 0.158497 0.016544 0.055556
2 0.842678 0.143791 0.047488 0.115196
0 0.884038 0.925858 0.013787 0.043709
2 0.888174 0.922590 0.025123 0.054330
0 0.598958 0.496119 0.030637 0.086193
