0 0.568934 0.464665 0.030637 0.095997
0 0.226716 0.925449 0.026961 0.095997
2 0.244792 0.871732 0.064951 0.216503
0 0.525276 0.521446 0.031556 0.108252
2 0.529412 0.521242 0.038603 0.108660
0 0.391391 0.573734 0.026654 0.073121
0 0.198376 0.407475 0.007659 0.051879
2 0.188113 0.401757 0.028799 0.065768
0 0.526042 0.757761 0.015931 0.068627
0 0.789369 0.510417 0.016850 0.068219
2 0.765319 0.500000 0.065564 0.096405
0 0.721507 0.223652 0.009191 0.064134
2 0.741575 0.231005 0.049939 0.078840
1 0.721507 0.238154 0.091912 0.093954
0 0.522978 0.138276 0.014093 0.078023
0 0.393076 0.082516 0.011642 0.044935
2 0.407322 0.077002 0.040135 0.076389
0 0.083027 0.083946 0.004289 0.015931
2 0.084712 0.080474 0.015012 0.048203
1 0.074908 0.101511 0.036458 0.092729
