0 0.660386 0.554126 0.203125 0.050245
0 0.577206 0.425858 0.148284 0.143382
2 0.606158 0.445261 0.252757 0.182190
0 0.367188 0.716095 0.055453 0.049837
0 0.829810 0.859069 0.060355 0.052288
2 0.824449 0.834763 0.072917 0.118056
1 0.815257 0.854371 0.093750 0.157271
0 0.717525 0.106209 0.062500 0.055556
0 0.423713 0.218750 0.094975 0.051879
2 0.450061 0.189951 0.180147 0.116013
0 0.128523 0.061275 0.037071 0.022059
2 0.119792 0.050654 0.083946 0.072712
1 0.108456 0.070057 0.158088 0.125408
0 0.753217 0.184436 0.049939 0.078840
0 0.680607 0.699551 0.062806 0.034722
2 0.666360 0.696283 0.098039 0.066585
0 0.860447 0.682802 0.034620 0.016748
2 0.844516 0.690155 0.068321 0.038807
0 0.729320 0.261234 0.027880 0.015114
2 0.723652 0.266340 0.043505 0.039216
1 0.657322 0.723243 0.120404 0.127859
0 0.322610 0.290850 0.023284 0.052288
2 0.363511 0.303717 0.105699 0.079657
