0 0.687347 0.765114 0.021752 0.056373
2 0.683058 0.737541 0.030331 0.118873
0 0.773897 0.877451 0.028186 0.034314
2 0.768689 0.855801 0.039216 0.100490
0 0.901348 0.848856 0.026961 0.017974
2 0.891238 0.836806 0.047794 0.062500
0 0.127604 0.671569 0.022978 0.080065
2 0.094056 0.681781 0.088235 0.100490
0 0.368873 0.451185 0.029412 0.154003
2 0.362439 0.460580 0.042279 0.175245
0 0.155178 0.437704 0.024816 0.078023
2 0.132659 0.450572 0.072304 0.103758
0 0.286305 0.282884 0.020527 0.055147
0 0.526042 0.415850 0.018382 0.080065
2 0.527420 0.414011 0.029718 0.092729
0 0.544118 0.672794 0.016544 0.065359
2 0.525582 0.658905 0.054841 0.098856
0 0.585784 0.769199 0.017157 0.089052
