0 0.487745 0.428105 0.026348 0.058824
2 0.492494 0.382149 0.046875 0.158905
0 0.133732 0.095384 0.047488 0.122958
2 0.153493 0.083129 0.087623 0.165441
1 0.131127 0.101307 0.132353 0.201797
0 0.039062 0.070261 0.036458 0.080065
2 0.042739 0.085989 0.045650 0.113154
0 0.607537 0.703840 0.025123 0.146242
0 0.598039 0.717729 0.048407 0.181373
0 0.374540 0.173815 0.006434 0.049428
2 0.368413 0.172181 0.018689 0.060049
0 0.277880 0.131536 0.008578 0.052288
2 0.259957 0.119894 0.046262 0.084559
1 0.283701 0.126634 0.092525 0.098039
0 0.480392 0.199346 0.049632 0.064542
0 0.604013 0.052083 0.016238 0.045343
2 0.609988 0.055351 0.035539 0.055964
0 0.280637 0.249592 0.007966 0.053105
2 0.276654 0.246732 0.022672 0.070261
