0 0.505668 0.480392 0.017463 0.047386
2 0.529565 0.412582 0.065257 0.181373
1 0.486673 0.426879 0.149816 0.209967
0 0.615349 0.074755 0.016238 0.040033
2 0.588695 0.079453 0.068321 0.158088
0 0.647059 0.746528 0.042892 0.069853
2 0.709406 0.696691 0.167586 0.170343
0 0.462469 0.797998 0.037071 0.096814
2 0.490656 0.852941 0.092218 0.212418
0 0.269148 0.201389 0.016238 0.041667
2 0.278186 0.204248 0.034926 0.047386
0 0.742188 0.118260 0.034620 0.061683
2 0.716912 0.075776 0.089461 0.150735
0 0.179994 0.255923 0.024816 0.071487
0 0.268842 0.758987 0.038297 0.028595
2 0.252451 0.764502 0.075368 0.024918
0 0.094516 0.756536 0.024816 0.013889
2 0.100031 0.772059 0.037071 0.045752
