0 0.552849 0.363358 0.019914 0.118873
2 0.590380 0.354575 0.096201 0.183007
0 0.175858 0.306168 0.017770 0.088644
2 0.167433 0.304330 0.055453 0.128268
0 0.090686 0.597222 0.052696 0.035948
2 0.126225 0.574551 0.126838 0.083742
1 0.095282 0.575980 0.189951 0.080882
0 0.066330 0.297181 0.027267 0.075572
2 0.072457 0.297590 0.041973 0.084559
0 0.051624 0.119894 0.028493 0.130310
2 0.037990 0.125408 0.075368 0.144608
1 0.060355 0.139910 0.120098 0.171977
0 0.756893 0.253881 0.029718 0.082925
2 0.813725 0.250204 0.152574 0.104984
0 0.960172 0.159314 0.010417 0.041667
2 0.962163 0.124183 0.019914 0.117647
0 0.735754 0.608660 0.009498 0.045752
0 0.388787 0.251021 0.059436 0.113154
2 0.419424 0.253881 0.124387 0.118873
0 0.175398 0.073529 0.098346 0.135621
