0 0.162531 0.772672 0.081189 0.180964
0 0.645987 0.435662 0.035233 0.026552
2 0.619638 0.453840 0.089154 0.068627
1 0.610754 0.428309 0.111213 0.151552
0 0.057138 0.257149 0.027267 0.062500
2 0.036152 0.265523 0.071691 0.086601
0 0.937040 0.116626 0.025429 0.045343
2 0.936581 0.100082 0.030637 0.080882
0 0.973805 0.228554 0.045037 0.055147
2 0.968903 0.216299 0.062194 0.085376
0 0.866881 0.349877 0.065870 0.027369
2 0.859375 0.337418 0.082721 0.053922
1 0.850950 0.356209 0.098346 0.093137
0 0.975950 0.113154 0.015012 0.052288
2 0.980545 0.121936 0.038909 0.071487
0 0.379596 0.309436 0.019608 0.043709
2 0.385417 0.306985 0.030637 0.059232
