0 0.480699 0.298203 0.055147 0.227941
2 0.511949 0.305964 0.118873 0.245098
0 0.841605 0.026757 0.023897 0.033088
2 0.807138 0.063113 0.098958 0.120507
1 0.792892 0.071487 0.123162 0.142157
0 0.061887 0.476716 0.022059 0.100490
2 0.036918 0.468137 0.073223 0.125817
0 0.144761 0.165237 0.031556 0.059232
2 0.121324 0.180351 0.078431 0.095180
0 0.437347 0.211397 0.020527 0.048611
0 0.899203 0.150531 0.035539 0.050245
0 0.342218 0.871936 0.008578 0.062500
0 0.016544 0.088031 0.021446 0.096814
2 0.015472 0.095997 0.030331 0.110294
2 0.911152 0.156046 0.070466 0.062092
