1 0.473333 0.554000 0.396667 0.312500
1 0.883333 0.579125 0.233333 0.229750
0 0.212500 0.170125 0.063667 0.047750
0 0.241667 0.469000 0.055333 0.035500
0 0.473333 0.494750 0.066667 0.194000
2 0.390167 0.512625 0.232333 0.228250
2 0.241000 0.438250 0.083333 0.098500
0 0.352500 0.571750 0.032333 0.040000
2 0.316833 0.551000 0.104333 0.081500
0 0.169667 0.401125 0.034667 0.127250
2 0.142500 0.401375 0.087667 0.127750
0 0.863500 0.559250 0.112333 0.103500
2 0.851000 0.548875 0.140000 0.169750
0 0.635500 0.271500 0.057667 0.081000
