0 0.611366 0.418709 0.029718 0.077614
2 0.645527 0.421773 0.122549 0.112337
1 0.625460 0.373570 0.164522 0.261029
0 0.255208 0.489379 0.038603 0.080882
2 0.278799 0.459150 0.088235 0.168301
0 0.697610 0.642361 0.044118 0.055964
2 0.688725 0.594567 0.069240 0.167075
0 0.795956 0.417892 0.028186 0.064542
2 0.812960 0.428309 0.081189 0.089461
1 0.800551 0.430556 0.110294 0.122549
0 0.673254 0.852328 0.037684 0.019199
2 0.671109 0.817402 0.046262 0.097222
1 0.665748 0.841912 0.056985 0.156046
0 0.792433 0.794526 0.033395 0.022876
2 0.810049 0.781454 0.087623 0.063725
0 0.848958 0.734069 0.032475 0.031863
0 0.784773 0.702614 0.058517 0.018791
0 0.540748 0.112745 0.031250 0.054739
2 0.540594 0.126838 0.049326 0.087827
0 0.465533 0.053717 0.027267 0.089461
2 0.491728 0.060866 0.079657 0.120915
0 0.314338 0.684641 0.017770 0.025327
2 0.368873 0.641544 0.126838 0.111520
1 0.304075 0.655637 0.261336 0.139706
