0 0.633885 0.561070 0.074755 0.078840
2 0.629596 0.463440 0.113358 0.283088
0 0.827819 0.187908 0.039216 0.100490
2 0.855392 0.198121 0.113358 0.122549
1 0.832721 0.197100 0.160539 0.171977
0 0.592984 0.876021 0.055453 0.031454
2 0.593290 0.820670 0.073223 0.140523
1 0.582567 0.866217 0.079350 0.234069
0 0.789828 0.784314 0.064951 0.035131
2 0.818321 0.756944 0.143382 0.094771
0 0.877298 0.650327 0.054228 0.040850
0 0.786765 0.653799 0.105392 0.048611
0 0.155637 0.813930 0.039216 0.085376
2 0.151195 0.885212 0.053002 0.229575
