0 0.534161 0.380923 0.016238 0.037990
2 0.540441 0.271038 0.030637 0.253676
1 0.606464 0.294118 0.185355 0.303922
0 0.197610 0.454861 0.051471 0.222631
2 0.144761 0.475899 0.187806 0.262255
1 0.162531 0.467933 0.220895 0.335376
0 0.357843 0.875204 0.034314 0.067402
2 0.352482 0.848652 0.048100 0.122141
1 0.379902 0.880515 0.108456 0.188317
0 0.745404 0.126430 0.030025 0.090278
2 0.740809 0.129085 0.039216 0.098856
0 0.476409 0.121119 0.023284 0.071487
0 0.407935 0.066381 0.016238 0.075572
2 0.421109 0.054330 0.045650 0.107843
0 0.410846 0.258783 0.017770 0.094363
2 0.432598 0.191585 0.060049 0.269608
0 0.702359 0.045752 0.023591 0.090686
2 0.691483 0.053922 0.043505 0.107026
