1 0.442500 0.263375 0.067000 0.117250
1 0.709167 0.419500 0.173667 0.076000
1 0.420833 0.518750 0.156333 0.172000
2 0.314333 0.556125 0.024667 0.072250
0 0.139500 0.201875 0.059667 0.051250
0 0.771500 0.696625 0.112333 0.130250
0 0.687500 0.883750 0.077667 0.075000
2 0.230500 0.268500 0.086333 0.086500
0 0.452000 0.281125 0.031333 0.033250
2 0.443500 0.251500 0.050333 0.093000
0 0.253333 0.279875 0.040000 0.065250
0 0.684833 0.423250 0.037667 0.067500
2 0.663833 0.418250 0.081000 0.077000
0 0.401833 0.495750 0.059000 0.123500
2 0.385667 0.495125 0.090000 0.124750
0 0.321500 0.574250 0.005667 0.033000
1 0.334500 0.569750 0.063000 0.099000
0 0.573000 0.707250 0.072000 0.062000
2 0.561333 0.676375 0.097333 0.126750
0 0.291000 0.266750 0.023333 0.048500
0 0.483167 0.018625 0.015000 0.036250
2 0.493000 0.025875 0.034667 0.050750
0 0.287000 0.879625 0.033333 0.042250
2 0.263833 0.850750 0.081000 0.100000
1 0.310500 0.868375 0.173000 0.135750
