2 0.423627 0.384880 0.125286 0.120275
1 0.255006 0.198454 0.078661 0.108247
2 0.266590 0.448776 0.041190 0.096864
2 0.623570 0.296821 0.058924 0.104811
0 0.837386 0.391967 0.030034 0.043814
2 0.237128 0.360503 0.052059 0.061641
2 0.677489 0.700172 0.051773 0.118127
0 0.262729 0.189863 0.014016 0.061856
2 0.254720 0.182238 0.030606 0.077105
0 0.070366 0.166452 0.028032 0.039948
2 0.043907 0.172036 0.082094 0.050687
0 0.128003 0.050150 0.036899 0.040593
0 0.230692 0.020296 0.008295 0.038445
0 0.229262 0.024162 0.012872 0.047895
0 0.243278 0.356959 0.023741 0.055842
0 0.244851 0.323561 0.052059 0.044459
0 0.255292 0.479918 0.016876 0.033290
1 0.185069 0.466817 0.204805 0.132947
0 0.470681 0.395404 0.030034 0.086770
1 0.470252 0.407109 0.219680 0.164734
0 0.599828 0.313144 0.011442 0.053265
1 0.587386 0.297358 0.133581 0.105026
0 0.669336 0.744308 0.018307 0.028995
1 0.633009 0.747423 0.140732 0.213058
0 0.933495 0.612973 0.028890 0.027921
2 0.933781 0.608462 0.028890 0.036082
1 0.911327 0.619953 0.073799 0.058634
0 0.697654 0.665163 0.162471 0.046392
0 0.783610 0.280176 0.036899 0.069802
2 0.839960 0.390464 0.035755 0.049399
0 0.887586 0.399270 0.010870 0.030498
2 0.882294 0.402491 0.022597 0.036082
1 0.887014 0.398733 0.030892 0.044029
0 0.954805 0.391538 0.022883 0.041237
2 0.950658 0.369308 0.031178 0.085696
1 0.957094 0.377577 0.044622 0.101375
0 0.048770 0.712521 0.024886 0.063789
