0 0.467984 0.497345 0.057904 0.090278
2 0.456955 0.462418 0.079963 0.197712
0 0.538143 0.612745 0.021140 0.058824
0 0.419730 0.110498 0.021446 0.055964
2 0.409161 0.102941 0.040135 0.099673
0 0.278952 0.026961 0.023591 0.044935
2 0.269301 0.027165 0.042892 0.053513
1 0.267923 0.033292 0.046262 0.065768
0 0.428615 0.247753 0.033701 0.039624
2 0.421722 0.246324 0.048713 0.056373
0 0.210325 0.354575 0.018689 0.026144
2 0.182751 0.319036 0.073223 0.105392
0 0.723652 0.203840 0.020833 0.042484
2 0.734681 0.208538 0.046569 0.051879
1 0.728554 0.208333 0.060662 0.053105
0 0.650429 0.540645 0.011642 0.012663
2 0.648744 0.517974 0.026654 0.059641
1 0.645680 0.530229 0.034620 0.086601
