0 0.537531 0.481005 0.015625 0.103350
2 0.546262 0.422794 0.045956 0.227941
2 0.637408 0.440359 0.227022 0.263072
0 0.463848 0.695261 0.021446 0.041667
2 0.497855 0.753676 0.088848 0.164216
1 0.452972 0.722426 0.181679 0.225082
0 0.786152 0.861928 0.025735 0.079248
2 0.815564 0.884804 0.096201 0.132353
0 0.735141 0.040850 0.009498 0.047386
2 0.731618 0.032884 0.014706 0.064951
1 0.764093 0.049224 0.080882 0.097631
0 0.648744 0.262459 0.011336 0.026552
2 0.666667 0.232843 0.054534 0.098856
1 0.641085 0.225286 0.103860 0.151552
0 0.822457 0.041054 0.031556 0.081291
