0 0.502757 0.346609 0.007966 0.095180
2 0.518382 0.316789 0.044730 0.185049
0 0.700214 0.761642 0.008885 0.020016
2 0.696385 0.756740 0.018382 0.031454
0 0.671722 0.761029 0.004596 0.016340
2 0.670343 0.750408 0.015319 0.044118
1 0.676777 0.760417 0.028186 0.064134
1 0.697151 0.760417 0.019914 0.038807
0 0.395067 0.646242 0.008885 0.053922
0 0.406710 0.646242 0.014400 0.032680
0 0.185968 0.764297 0.013480 0.022876
2 0.181219 0.744690 0.024203 0.066176
1 0.184436 0.754902 0.030637 0.088235
0 0.005821 0.976307 0.011029 0.029412
0 0.127451 0.379493 0.012868 0.046569
2 0.141544 0.386234 0.040441 0.060866
0 0.015012 0.514706 0.012255 0.032680
0 0.291820 0.322508 0.010723 0.037990
2 0.295190 0.326389 0.016850 0.046569
1 0.277267 0.331699 0.053922 0.078431
0 0.185355 0.450776 0.011029 0.017565
2 0.202512 0.433619 0.045956 0.060866
0 0.197610 0.273489 0.008578 0.024918
0 0.147365 0.148080 0.015931 0.050245
2 0.150888 0.140523 0.022978 0.079248
0 0.403646 0.075776 0.013174 0.029003
2 0.405790 0.077819 0.017463 0.033088
0 0.359069 0.094771 0.003064 0.011438
2 0.363817 0.085580 0.013174 0.039624
1 0.357537 0.091299 0.025735 0.051062
0 0.341299 0.187092 0.003064 0.019608
2 0.345129 0.180351 0.010723 0.037990
1 0.335325 0.183211 0.030331 0.043709
0 0.508732 0.119077 0.004596 0.022467
2 0.504442 0.114379 0.012561 0.036765
1 0.509038 0.119690 0.021752 0.047386
0 0.641850 0.313725 0.009191 0.028595
0 0.652880 0.226716 0.008578 0.020425
2 0.655025 0.232843 0.015319 0.031863
0 0.881434 0.238358 0.030637 0.035539
0 0.870558 0.233252 0.018076 0.039216
0 0.829197 0.157067 0.010110 0.042075
2 0.839308 0.145833 0.032169 0.083333
1 0.829963 0.154820 0.050245 0.101307
0 0.981158 0.161560 0.008885 0.024918
0 0.964154 0.190972 0.015931 0.050245
0 0.846967 0.580882 0.032782 0.047386
0 0.830116 0.632557 0.035233 0.053513
2 0.835784 0.634191 0.053922 0.060049
0 0.748468 0.621119 0.022672 0.015931
2 0.746477 0.608047 0.027267 0.048611
0 0.711703 0.469363 0.007966 0.025327
2 0.706342 0.458742 0.019301 0.058824
0 0.709099 0.564134 0.024203 0.019608
2 0.703431 0.560458 0.036765 0.029412
0 0.390012 0.429126 0.004289 0.028186
0 0.398131 0.429534 0.005821 0.025735
2 0.404105 0.428309 0.017157 0.029003
2 0.398438 0.426471 0.019914 0.035131
0 0.442096 0.440768 0.015319 0.024510
2 0.441789 0.421364 0.022672 0.065768
0 0.277727 0.287582 0.004596 0.025327
2 0.272365 0.278186 0.015319 0.054739
1 0.284007 0.280229 0.037990 0.058824
0 0.231924 0.047181 0.004902 0.025735
