0 0.402727 0.573734 0.014400 0.102533
0 0.417892 0.451185 0.047794 0.154003
2 0.402574 0.456904 0.079657 0.165441
0 0.536305 0.674632 0.037684 0.101716
0 0.499234 0.679126 0.106311 0.112337
0 0.211857 0.711397 0.011336 0.042075
2 0.198989 0.715074 0.038297 0.119690
0 0.112286 0.130923 0.013787 0.043709
0 0.176317 0.413603 0.010110 0.044526
2 0.159620 0.419118 0.043505 0.054739
1 0.166667 0.427492 0.057598 0.072304
0 0.120251 0.128268 0.015625 0.037582
0 0.080729 0.054943 0.012561 0.037990
2 0.075368 0.061070 0.023897 0.055147
0 0.496477 0.174632 0.008272 0.048611
2 0.487592 0.157884 0.030331 0.087010
1 0.501991 0.165237 0.060968 0.102533
0 0.306679 0.283701 0.006740 0.025735
2 0.312653 0.285335 0.018076 0.030637
1 0.298254 0.269812 0.045650 0.064134
0 0.177237 0.148897 0.016850 0.043709
2 0.184743 0.133578 0.031863 0.075980
0 0.028493 0.870915 0.019608 0.051471
2 0.034161 0.879085 0.029718 0.068627
0 0.249234 0.951185 0.070159 0.055964
2 0.279259 0.961193 0.130208 0.077614
