0 0.490656 0.356413 0.018076 0.107435
2 0.473499 0.356209 0.056066 0.134804
1 0.504136 0.372549 0.117341 0.164216
0 0.916054 0.172590 0.013480 0.066585
2 0.927849 0.140523 0.042586 0.135621
1 0.932598 0.163399 0.052696 0.180556
0 0.600184 0.193015 0.019608 0.006944
2 0.587776 0.159518 0.044424 0.094363
1 0.612132 0.147467 0.091912 0.133170
0 0.738971 0.033905 0.017770 0.066993
2 0.716605 0.061479 0.061887 0.122141
0 0.388327 0.956904 0.034007 0.015114
2 0.376379 0.903186 0.061581 0.128268
1 0.381127 0.919526 0.071691 0.160948
