2 0.869667 0.263375 0.065333 0.132250
2 0.131500 0.059500 0.147667 0.118500
1 0.472667 0.526500 0.183333 0.183500
1 0.674333 0.223625 0.129333 0.130250
2 0.682000 0.497625 0.122000 0.169750
2 0.789000 0.714375 0.166667 0.184250
0 0.183333 0.049500 0.033333 0.096500
0 0.259333 0.060750 0.044667 0.076000
0 0.491167 0.530875 0.043000 0.101750
2 0.515833 0.508625 0.103000 0.147750
0 0.670333 0.529875 0.095333 0.102750
0 0.771500 0.747250 0.126333 0.117000
0 0.594500 0.644125 0.041000 0.085750
2 0.625333 0.648625 0.104000 0.093750
0 0.420333 0.639500 0.038000 0.086000
2 0.431000 0.660250 0.054667 0.126000
0 0.081333 0.891500 0.082667 0.096500
0 0.675333 0.208750 0.026667 0.099500
2 0.700333 0.208750 0.078000 0.100500
0 0.881000 0.284375 0.042667 0.086750
1 0.899833 0.282000 0.125667 0.166500
0 0.879000 0.138625 0.026667 0.081750
2 0.903000 0.139500 0.077333 0.086000
0 0.477833 0.146500 0.036333 0.120500
2 0.490833 0.158250 0.062333 0.142500
