1 0.532037 0.491409 0.244851 0.224227
1 0.677489 0.749570 0.125000 0.144330
1 0.806636 0.754188 0.085240 0.090851
1 0.681350 0.506658 0.053776 0.067010
0 0.322225 0.647552 0.060927 0.079467
0 0.510011 0.460911 0.030320 0.160653
2 0.468535 0.467139 0.113272 0.177405
0 0.730263 0.542311 0.044050 0.069158
2 0.719394 0.549828 0.068078 0.084192
0 0.686356 0.500537 0.011728 0.043170
2 0.674199 0.504618 0.036613 0.050043
0 0.537328 0.446198 0.018593 0.068084
2 0.524600 0.449527 0.048627 0.074313
0 0.665475 0.749785 0.026602 0.064433
2 0.646882 0.732818 0.063787 0.113832
0 0.794193 0.749893 0.023169 0.059064
2 0.787471 0.747530 0.038330 0.075816
2 0.336527 0.658398 0.089531 0.099871
0 0.584954 0.927298 0.057208 0.108462
