0 0.525276 0.478350 0.062806 0.122549
2 0.499234 0.504698 0.113664 0.171977
1 0.514093 0.516748 0.144608 0.197712
0 0.697304 0.345588 0.023284 0.045752
2 0.662071 0.271650 0.092525 0.193627
1 0.733303 0.304330 0.238051 0.254085
0 0.961397 0.406046 0.077206 0.048203
2 0.961397 0.365196 0.077206 0.128268
0 0.514246 0.090686 0.019301 0.059641
2 0.469669 0.069240 0.105392 0.108252
1 0.509651 0.063317 0.185355 0.125817
0 0.784620 0.757149 0.036765 0.026552
0 0.753064 0.606822 0.126838 0.096814
2 0.705116 0.612541 0.225797 0.109886
