0 0.579350 0.245915 0.045343 0.207516
0 0.508119 0.707108 0.010110 0.065359
2 0.476869 0.665850 0.072610 0.156046
1 0.494945 0.687704 0.107537 0.199755
0 0.844056 0.986928 0.013480 0.026144
2 0.859375 0.934028 0.049632 0.131944
0 0.871477 0.771242 0.014400 0.022876
2 0.842065 0.796977 0.077512 0.074346
0 0.892923 0.571691 0.029718 0.152369
2 0.900123 0.558007 0.079657 0.230392
0 0.631127 0.367443 0.027574 0.085376
2 0.614430 0.388889 0.058517 0.132353
1 0.616422 0.404003 0.088235 0.187092
0 0.395833 0.089052 0.026348 0.177288
2 0.362745 0.107026 0.095588 0.213235
0 0.829350 0.154208 0.034314 0.130310
2 0.865196 0.165033 0.112745 0.157680
1 0.854013 0.166462 0.136336 0.164624
0 0.759344 0.059232 0.016238 0.072712
2 0.738971 0.085376 0.056985 0.127451
