0 0.487898 0.523489 0.032169 0.125408
2 0.469822 0.487745 0.068321 0.225490
1 0.526348 0.504698 0.180147 0.263480
0 0.137255 0.638276 0.014093 0.072304
2 0.115196 0.646038 0.056373 0.089461
0 0.073223 0.868260 0.017157 0.048611
0 0.138327 0.849265 0.009498 0.041667
2 0.127757 0.845384 0.038603 0.081291
0 0.114737 0.545547 0.022365 0.058415
0 0.031556 0.422998 0.025123 0.055147
2 0.031097 0.429126 0.041360 0.070670
0 0.249540 0.402165 0.005821 0.023284
2 0.241881 0.391748 0.020527 0.045752
1 0.265319 0.392361 0.066789 0.058415
0 0.081342 0.362337 0.012561 0.040033
2 0.093903 0.348448 0.035233 0.073529
0 0.019455 0.355392 0.038297 0.050654
2 0.027267 0.341912 0.053922 0.085784
0 0.308211 0.123366 0.013480 0.055556
2 0.318627 0.129493 0.034314 0.068627
0 0.404105 0.044322 0.028799 0.087827
0 0.365043 0.062296 0.013787 0.064951
2 0.379289 0.067606 0.040441 0.077206
0 0.520680 0.419322 0.015625 0.047794
2 0.536305 0.423611 0.047488 0.058824
0 0.922028 0.209967 0.010723 0.031046
2 0.926471 0.219158 0.034314 0.050245
0 0.850950 0.612745 0.011336 0.015523
2 0.848346 0.596405 0.017157 0.053922
1 0.855545 0.599877 0.031556 0.061683
0 0.970129 0.815564 0.058517 0.062500
2 0.964154 0.822712 0.071691 0.076797
0 0.650429 0.966912 0.011642 0.019608
2 0.681679 0.978350 0.074755 0.043301
0 0.792586 0.477941 0.010417 0.015523
2 0.800092 0.470384 0.024203 0.035539
0 0.696538 0.378268 0.003983 0.017157
2 0.709559 0.367443 0.030025 0.042075
1 0.696538 0.372141 0.057292 0.052288
0 0.693168 0.050041 0.014400 0.038807
2 0.689645 0.042892 0.020833 0.067810
1 0.694240 0.052288 0.033701 0.090686
