0 0.405589 0.391989 0.027447 0.085565
2 0.402778 0.337178 0.052249 0.218006
1 0.318122 0.397569 0.406746 0.334821
0 0.293981 0.839410 0.044312 0.052827
2 0.231316 0.832713 0.169643 0.068204
0 0.913360 0.303075 0.070106 0.145833
2 0.894015 0.317088 0.108796 0.175843
0 0.608466 0.378720 0.042989 0.103671
0 0.540013 0.366939 0.048942 0.090030
0 0.935020 0.571801 0.106812 0.183284
2 0.844907 0.585069 0.290344 0.209821
0 0.458499 0.536086 0.018188 0.075645
2 0.483300 0.528150 0.067791 0.117312
1 0.446925 0.548239 0.140542 0.159474
0 0.347222 0.226687 0.022487 0.107143
2 0.405589 0.224826 0.140542 0.143105
1 0.359623 0.248636 0.233796 0.191716
0 0.081349 0.457713 0.136905 0.156498
