0 0.449908 0.393178 0.041973 0.169526
2 0.505515 0.408497 0.153186 0.203431
0 0.116268 0.251430 0.021752 0.108252
0 0.033241 0.316789 0.040748 0.071487
2 0.047947 0.324959 0.072610 0.119690
0 0.154105 0.651144 0.031250 0.092320
2 0.177237 0.649510 0.076287 0.138889
0 0.759651 0.800245 0.044424 0.039216
2 0.750306 0.745711 0.069853 0.155637
0 0.936887 0.252042 0.029412 0.053105
2 0.931219 0.238154 0.041973 0.102941
0 0.919577 0.418913 0.015625 0.050245
0 0.588082 0.226511 0.007047 0.035539
2 0.579963 0.156046 0.029412 0.170752
0 0.695925 0.051675 0.013174 0.035539
2 0.696538 0.035131 0.027267 0.069444
1 0.717218 0.049428 0.068015 0.098039
0 0.839308 0.099877 0.026042 0.054330
