0 0.584712 0.455065 0.029105 0.098856
2 0.561581 0.450776 0.068627 0.136029
1 0.589767 0.467320 0.125000 0.169118
0 0.270527 0.452819 0.013480 0.055147
2 0.241728 0.433415 0.071078 0.118464
1 0.268995 0.435866 0.123162 0.134804
0 0.852328 0.274510 0.021446 0.062908
2 0.856618 0.254902 0.039828 0.120915
0 0.581342 0.725286 0.019301 0.037173
2 0.575674 0.696691 0.035539 0.088644
0 0.449908 0.886846 0.019301 0.010621
2 0.455423 0.905229 0.037071 0.053105
1 0.417739 0.880923 0.111213 0.107435
0 0.751532 0.758578 0.042279 0.029412
2 0.755055 0.740400 0.076287 0.069036
0 0.970282 0.821078 0.044730 0.019608
2 0.966299 0.806373 0.067402 0.061275
0 0.825827 0.070874 0.051164 0.140931
0 0.547794 0.055760 0.043505 0.110703
2 0.510263 0.055760 0.118566 0.110703
0 0.185662 0.391136 0.026348 0.085376
2 0.154105 0.388685 0.091299 0.084559
