0 0.498315 0.372753 0.015625 0.073121
2 0.511336 0.318832 0.041667 0.201389
1 0.484988 0.347222 0.098652 0.263072
0 0.958487 0.689134 0.083027 0.075163
2 0.915441 0.657680 0.169118 0.160131
1 0.914828 0.673407 0.170343 0.194036
0 0.690870 0.659722 0.084559 0.088235
0 0.198223 0.295343 0.021446 0.071895
0 0.253064 0.051266 0.012868 0.078023
0 0.209406 0.462418 0.018076 0.051471
0 0.191483 0.144608 0.020833 0.078431
0 0.304841 0.087418 0.010417 0.041667
0 0.352482 0.126634 0.014400 0.053922
0 0.630974 0.280025 0.016850 0.046977
0 0.682598 0.283292 0.004902 0.012663
2 0.685662 0.268995 0.014093 0.046977
