0 0.483303 0.351716 0.029718 0.109477
0 0.616115 0.324346 0.057598 0.095588
2 0.611060 0.282475 0.073223 0.176062
1 0.605545 0.314338 0.107537 0.239788
0 0.863051 0.930147 0.007353 0.029412
2 0.864430 0.914216 0.032782 0.090686
0 0.920956 0.367443 0.020221 0.045343
0 0.899050 0.283905 0.020527 0.104575
2 0.912684 0.297794 0.048407 0.133170
0 0.531710 0.508374 0.015012 0.038807
2 0.524203 0.492034 0.031863 0.081291
0 0.648438 0.537990 0.010110 0.051471
2 0.641850 0.544526 0.027574 0.063725
0 0.655790 0.633987 0.024203 0.047386
2 0.649357 0.634804 0.035233 0.062908
