0 0.593597 0.479575 0.016850 0.102124
2 0.557598 0.497141 0.090686 0.139706
1 0.601562 0.467320 0.176777 0.223856
0 0.315104 0.491422 0.035846 0.141340
2 0.279718 0.494281 0.110294 0.149510
0 0.771752 0.524306 0.017157 0.043709
0 0.948070 0.557598 0.027267 0.041667
2 0.962316 0.519608 0.060049 0.120915
0 0.782322 0.059436 0.021140 0.051062
2 0.778952 0.068015 0.030331 0.073938
0 0.555760 0.106822 0.028186 0.062500
2 0.557751 0.116013 0.049939 0.080065
0 0.159161 0.189338 0.015012 0.053513
2 0.151808 0.168505 0.034620 0.099265
