0 0.619638 0.531863 0.035233 0.037582
2 0.640931 0.471814 0.090686 0.157680
1 0.655025 0.498570 0.175245 0.214461
0 0.827972 0.646038 0.040135 0.060866
0 0.844056 0.402574 0.037990 0.026552
2 0.846967 0.668301 0.090380 0.105392
0 0.372243 0.098243 0.056985 0.067402
2 0.361520 0.069853 0.078431 0.138889
0 0.739124 0.301879 0.062806 0.028595
2 0.757966 0.261846 0.113358 0.116013
0 0.898591 0.381740 0.058211 0.047794
2 0.922181 0.331699 0.109681 0.147059
0 0.586091 0.951797 0.053309 0.058824
2 0.613664 0.913603 0.108456 0.136846
0 0.187806 0.242647 0.061887 0.053922
2 0.195772 0.141748 0.123162 0.257353
0 0.553462 0.316176 0.036458 0.021242
2 0.555607 0.293505 0.049326 0.066585
