2 0.574755 0.438725 0.084559 0.087418
0 0.581189 0.404820 0.010417 0.023693
1 0.556373 0.393382 0.123162 0.227941
0 0.775735 0.516953 0.036152 0.055964
2 0.776195 0.483864 0.041360 0.122958
0 0.893689 0.459559 0.038603 0.071895
2 0.929228 0.470997 0.129902 0.093137
0 0.870864 0.672181 0.029718 0.037990
2 0.865809 0.615400 0.048407 0.149918
0 0.842371 0.050654 0.058517 0.079248
2 0.830423 0.061683 0.084865 0.117647
0 0.605545 0.132353 0.027880 0.103758
2 0.630362 0.146650 0.086091 0.129902
0 0.275582 0.573938 0.024816 0.040850
2 0.279259 0.545752 0.032782 0.103758
0 0.895527 0.216912 0.043505 0.039216
2 0.889706 0.196078 0.055147 0.092320
