0 0.575980 0.499387 0.061275 0.085376
2 0.598346 0.500000 0.134804 0.116830
0 0.818627 0.885008 0.012868 0.026552
2 0.831342 0.862337 0.040748 0.083333
1 0.817096 0.868260 0.070466 0.096814
0 0.899050 0.325980 0.068934 0.063725
2 0.884651 0.339665 0.100184 0.090278
0 0.804228 0.098652 0.025123 0.030637
2 0.818168 0.061479 0.068321 0.115605
0 0.698376 0.215074 0.029718 0.044526
2 0.694393 0.158497 0.043199 0.156046
0 0.617034 0.055556 0.035539 0.069444
2 0.611826 0.049020 0.042279 0.097222
0 0.698070 0.548407 0.027880 0.024101
2 0.722273 0.556168 0.075061 0.050245
