0 0.573989 0.330882 0.046262 0.211601
0 0.492800 0.923815 0.030944 0.033088
2 0.485294 0.877247 0.061275 0.130310
0 0.244026 0.767974 0.059130 0.084967
0 0.143382 0.250204 0.018382 0.041258
2 0.187500 0.192402 0.106618 0.168301
1 0.119945 0.206087 0.239277 0.199755
0 0.719669 0.625817 0.030025 0.028595
2 0.744792 0.583333 0.079657 0.123366
0 0.895067 0.806373 0.051164 0.030229
2 0.892923 0.846405 0.061581 0.116013
0 0.701287 0.197917 0.034314 0.015931
2 0.694547 0.216912 0.049020 0.058007
1 0.723346 0.165850 0.113971 0.163399
