0 0.857537 0.105801 0.053309 0.061275
2 0.844516 0.093954 0.082414 0.153595
0 0.532016 0.371119 0.026042 0.055147
2 0.567249 0.346609 0.108150 0.154003
0 0.472886 0.062908 0.010723 0.012255
2 0.461091 0.093954 0.038603 0.080065
1 0.474877 0.082312 0.069240 0.119690
0 0.340380 0.763685 0.031863 0.028186
2 0.357077 0.732843 0.062806 0.093954
0 0.420803 0.282884 0.022365 0.059232
2 0.402420 0.246936 0.060355 0.135212
0 0.265625 0.460376 0.039216 0.087418
2 0.281863 0.474060 0.074755 0.119690
0 0.259191 0.186683 0.029412 0.059641
0 0.633272 0.397672 0.029412 0.026552
2 0.637408 0.371119 0.049326 0.083742
0 0.401501 0.524918 0.016238 0.023693
2 0.405637 0.508374 0.035539 0.067402
1 0.899510 0.124387 0.192402 0.203023
0 0.502145 0.857435 0.022672 0.041667
2 0.503676 0.826593 0.047794 0.108252
1 0.491881 0.841299 0.074449 0.135212
1 0.333180 0.726716 0.110600 0.111111
