0 0.559436 0.404412 0.115196 0.116013
2 0.528952 0.388276 0.176777 0.197304
0 0.380974 0.913603 0.057904 0.096814
2 0.439798 0.927288 0.176777 0.128268
0 0.964920 0.948529 0.070159 0.039216
2 0.952206 0.908088 0.095588 0.119281
0 0.113817 0.554126 0.043199 0.150735
0 0.684743 0.227941 0.048407 0.066176
2 0.673100 0.197917 0.074755 0.134395
0 0.947457 0.198938 0.105086 0.168301
0 0.936275 0.347835 0.052696 0.033088
2 0.937500 0.221609 0.125000 0.213644
0 0.601869 0.044730 0.102022 0.088644
2 0.586397 0.056781 0.135417 0.112745
0 0.574142 0.755515 0.056373 0.050245
2 0.571844 0.722426 0.060355 0.101716
