0 0.605086 0.463440 0.042892 0.093546
2 0.601103 0.409722 0.052083 0.219771
1 0.676930 0.421569 0.204963 0.241013
0 0.310815 0.436070 0.029718 0.171160
2 0.287224 0.431985 0.078125 0.211193
0 0.196385 0.639706 0.014706 0.039216
2 0.202512 0.587418 0.036765 0.139706
1 0.158241 0.606413 0.129596 0.180964
0 0.204504 0.224265 0.037071 0.081699
2 0.216759 0.208333 0.062806 0.145425
0 0.361213 0.055351 0.030637 0.107435
2 0.373162 0.071487 0.058824 0.138072
0 0.582108 0.121936 0.034314 0.060049
2 0.602635 0.093954 0.082108 0.121732
0 0.212010 0.877655 0.030637 0.060866
2 0.250153 0.889093 0.115502 0.083742
0 0.260110 0.142157 0.066789 0.174020
1 0.320312 0.160948 0.185355 0.211601
