0 0.268536 0.401757 0.033395 0.096814
2 0.249540 0.397876 0.072610 0.144608
0 0.515625 0.477941 0.009191 0.081699
2 0.569087 0.444853 0.128983 0.205882
0 0.347580 0.819853 0.036458 0.098856
0 0.082108 0.809641 0.039828 0.040850
2 0.090686 0.792688 0.055760 0.086193
1 0.079504 0.810458 0.081801 0.128268
0 0.963235 0.157884 0.073529 0.147467
2 0.947457 0.151961 0.105086 0.254902
0 0.911765 0.441585 0.015319 0.066993
2 0.950214 0.436887 0.095895 0.095180
1 0.948223 0.431985 0.103554 0.142565
0 0.795956 0.649510 0.023897 0.062908
2 0.803615 0.632966 0.047794 0.091912
0 0.610141 0.775123 0.005821 0.043709
2 0.609988 0.748570 0.020221 0.091095
0 0.337163 0.578431 0.014400 0.054739
2 0.325061 0.581291 0.039828 0.051471
0 0.434130 0.450572 0.007353 0.035131
2 0.428002 0.433211 0.016544 0.072304
0 0.694393 0.228962 0.018076 0.102533
2 0.714920 0.229167 0.058517 0.112745
0 0.678309 0.695874 0.034314 0.050245
2 0.677237 0.647672 0.046262 0.149918
