0 0.239890 0.234069 0.040441 0.095588
2 0.249847 0.232026 0.057904 0.174020
0 0.426317 0.793505 0.010110 0.055964
2 0.433211 0.753676 0.026961 0.124183
0 0.028339 0.883374 0.056066 0.119690
2 0.058364 0.848652 0.116115 0.196487
0 0.720129 0.552696 0.016238 0.070261
2 0.708946 0.592116 0.044118 0.147467
0 0.659467 0.445874 0.051777 0.136029
2 0.648744 0.437704 0.076287 0.161356
0 0.442402 0.386438 0.009191 0.116013
2 0.442249 0.343750 0.029105 0.207108
1 0.396752 0.374183 0.118873 0.269608
1 0.619638 0.491830 0.135110 0.271242
1 0.734069 0.621528 0.087623 0.201389
1 0.438266 0.780637 0.057292 0.169935
