0 0.316023 0.137663 0.023591 0.074346
2 0.329350 0.087623 0.053922 0.174428
1 0.337469 0.106618 0.098958 0.212418
0 0.240962 0.529412 0.040135 0.101307
2 0.216452 0.554739 0.090380 0.151961
0 0.592525 0.483864 0.139093 0.093546
0 0.479779 0.740809 0.095588 0.108252
0 0.819547 0.940972 0.038603 0.031454
0 0.749694 0.252042 0.064338 0.062092
0 0.660999 0.621119 0.060355 0.096814
0 0.320772 0.523693 0.050245 0.101307
0 0.967984 0.584559 0.045037 0.061275
2 0.955882 0.606413 0.071691 0.107435
0 0.173407 0.206904 0.039828 0.146650
0 0.685968 0.056781 0.043505 0.112745
2 0.573529 0.421364 0.175245 0.225082
2 0.713388 0.108660 0.098346 0.207516
2 0.810815 0.917688 0.057292 0.078840
1 0.794271 0.930351 0.093444 0.109886
