0 0.136949 0.417892 0.048407 0.057190
2 0.156097 0.415645 0.084252 0.171977
0 0.444700 0.858047 0.005821 0.042892
2 0.445006 0.827819 0.020527 0.128676
0 0.678768 0.537377 0.026654 0.095180
2 0.671415 0.560253 0.051164 0.138480
0 0.922488 0.116830 0.036152 0.127451
2 0.911612 0.105801 0.063419 0.158497
1 0.918811 0.165237 0.082108 0.281454
0 0.576440 0.462827 0.032782 0.152778
2 0.566330 0.456291 0.054841 0.168301
0 0.335172 0.455474 0.061275 0.191176
2 0.284773 0.489583 0.179228 0.257761
0 0.797794 0.652982 0.025123 0.067402
0 0.364737 0.312908 0.024816 0.063725
0 0.011795 0.160539 0.014400 0.109477
