0 0.494332 0.480392 0.016238 0.064542
2 0.519914 0.436479 0.068015 0.167892
0 0.664675 0.355392 0.024816 0.128268
2 0.685815 0.359069 0.067708 0.140523
0 0.848805 0.366013 0.019914 0.050654
2 0.903186 0.290441 0.128676 0.216503
0 0.732843 0.075980 0.029412 0.110294
2 0.723499 0.080270 0.041360 0.124592
0 0.928156 0.045956 0.030944 0.082925
2 0.950674 0.051675 0.082721 0.091912
0 0.149663 0.109273 0.029718 0.085376
2 0.147518 0.100899 0.037071 0.103758
0 0.300092 0.043505 0.015625 0.079657
2 0.289062 0.042484 0.040748 0.084150
0 0.035846 0.435458 0.018382 0.027778
2 0.025429 0.440768 0.050245 0.040033
1 0.037837 0.409722 0.071385 0.103758
0 0.617800 0.544526 0.021140 0.069444
2 0.630362 0.529616 0.057904 0.101716
1 0.611060 0.544118 0.096507 0.129085
0 0.373468 0.836806 0.022672 0.011846
2 0.384957 0.828636 0.049939 0.063317
1 0.365962 0.830065 0.089154 0.066176
0 0.524510 0.163603 0.039828 0.086193
2 0.538756 0.138889 0.073836 0.133987
0 0.510110 0.046364 0.026348 0.076389
0 0.371630 0.045752 0.023284 0.090686
2 0.346661 0.061479 0.071998 0.122141
