0 0.504442 0.325776 0.054228 0.125408
2 0.533548 0.333333 0.116115 0.144608
0 0.108762 0.578840 0.020833 0.093954
0 0.245558 0.724265 0.043199 0.033497
2 0.250919 0.691381 0.051471 0.100899
0 0.119485 0.860090 0.023897 0.015931
2 0.108609 0.859069 0.041360 0.031046
0 0.294118 0.529820 0.030637 0.024510
2 0.302237 0.505106 0.048713 0.073938
1 0.294424 0.513276 0.066789 0.094363
0 0.606158 0.537582 0.026654 0.068627
2 0.645221 0.514910 0.104779 0.113971
0 0.297641 0.101920 0.016238 0.038807
2 0.322151 0.079453 0.070159 0.083742
0 0.492800 0.127859 0.023591 0.075980
2 0.511642 0.122345 0.055760 0.108252
0 0.613205 0.253064 0.015012 0.127859
0 0.313266 0.834967 0.026654 0.028595
2 0.311275 0.781250 0.053309 0.141748
1 0.352328 0.824346 0.136029 0.226307
0 0.006893 0.109477 0.013174 0.039216
2 0.015472 0.109681 0.030331 0.054330
1 0.027574 0.127247 0.054534 0.102533
0 0.181526 0.252859 0.009498 0.046569
2 0.197610 0.259600 0.038603 0.061683
0 0.877145 0.138889 0.007353 0.058007
2 0.877298 0.130310 0.022978 0.099673
0 0.865809 0.638685 0.015931 0.046160
2 0.887561 0.645016 0.067402 0.058824
0 0.969210 0.856822 0.037071 0.020833
0 0.912837 0.749387 0.016850 0.032271
0 0.773744 0.784109 0.024203 0.014297
0 0.644608 0.801675 0.057598 0.049428
2 0.632353 0.816993 0.083333 0.087418
0 0.532475 0.912377 0.048407 0.014297
0 0.743260 0.051879 0.047181 0.102941
2 0.723039 0.066585 0.088848 0.132353
2 0.078125 0.594975 0.082108 0.125408
1 0.107230 0.601920 0.136029 0.137663
1 0.867034 0.627655 0.108456 0.095180
2 0.762561 0.794730 0.047794 0.038807
1 0.757812 0.775123 0.057904 0.077206
0 0.527114 0.985907 0.011949 0.027369
2 0.547641 0.978145 0.053002 0.043709
1 0.532475 0.970997 0.083946 0.050654
0 0.639246 0.917484 0.025429 0.044118
2 0.621630 0.904820 0.060662 0.071895
1 0.653493 0.903799 0.124387 0.071487
2 0.934130 0.743464 0.059436 0.044118
2 0.968597 0.840686 0.061581 0.052288
1 0.960325 0.855801 0.079350 0.081699
2 0.625919 0.244077 0.069853 0.169526
1 0.609835 0.299632 0.102635 0.280637
