0 0.485294 0.415033 0.039828 0.116013
2 0.504902 0.420139 0.103554 0.149101
1 0.490043 0.379289 0.134498 0.265114
0 0.342831 0.566176 0.034314 0.064542
2 0.329963 0.558007 0.056985 0.090686
0 0.083640 0.321691 0.035539 0.066585
2 0.089461 0.321487 0.049020 0.101307
0 0.549173 0.888072 0.023591 0.024510
0 0.231158 0.213031 0.007047 0.038807
2 0.239583 0.215278 0.023284 0.044935
1 0.231005 0.226920 0.040441 0.068219
0 0.254442 0.152165 0.008885 0.043709
2 0.260110 0.144199 0.019608 0.062908
1 0.254902 0.155842 0.030637 0.085376
0 0.210938 0.136029 0.003983 0.022059
2 0.211244 0.129289 0.011949 0.042075
1 0.217525 0.137255 0.026348 0.056373
0 0.256587 0.029820 0.003370 0.016340
2 0.259651 0.021038 0.008272 0.041258
1 0.251991 0.028391 0.021752 0.055964
