0 0.312665 0.268477 0.078373 0.270585
2 0.205192 0.265377 0.293320 0.324405
1 0.358796 0.331597 0.597884 0.460813
0 0.263724 0.433780 0.030093 0.088790
2 0.250000 0.452877 0.068783 0.125000
1 0.268519 0.453993 0.111772 0.156002
0 0.408399 0.651910 0.044312 0.151042
2 0.377315 0.664807 0.103175 0.180804
0 0.961144 0.168279 0.055225 0.218998
2 0.966270 0.191220 0.067460 0.263393
1 0.924438 0.237971 0.151124 0.353919
0 0.815807 0.086930 0.064153 0.137649
2 0.820602 0.098586 0.075728 0.159970
0 0.983962 0.539931 0.019511 0.086806
2 0.979828 0.554563 0.040344 0.116071
0 0.165509 0.296999 0.092262 0.069196
