0 0.581036 0.458129 0.107537 0.082925
2 0.601869 0.468750 0.180453 0.105801
1 0.586091 0.414011 0.213235 0.214461
0 0.347120 0.186070 0.037377 0.068219
2 0.339001 0.178922 0.054841 0.109477
0 0.157629 0.088644 0.031556 0.139706
2 0.180147 0.101920 0.083333 0.167892
1 0.163756 0.113766 0.114890 0.195670
0 0.075368 0.835580 0.034926 0.055964
2 0.091759 0.869690 0.073223 0.126634
1 0.080882 0.832108 0.096201 0.197712
0 0.617647 0.119690 0.022059 0.035131
2 0.611520 0.120507 0.034926 0.048203
0 0.654105 0.112132 0.034314 0.053513
2 0.649816 0.111928 0.043505 0.076797
