0 0.648591 0.461601 0.087010 0.127451
2 0.639706 0.464257 0.104779 0.247141
1 0.671875 0.467116 0.188113 0.254493
0 0.713848 0.268382 0.074755 0.099673
2 0.707874 0.272059 0.084865 0.118464
0 0.985294 0.506536 0.029412 0.040850
2 0.975643 0.474877 0.048713 0.132761
1 0.961703 0.496528 0.076593 0.178513
0 0.313419 0.040441 0.014706 0.050654
2 0.309130 0.033292 0.024510 0.065768
1 0.313419 0.039216 0.033701 0.077614
0 0.400123 0.137459 0.020221 0.063317
2 0.404718 0.127655 0.030637 0.089461
0 0.187653 0.348243 0.008885 0.069853
2 0.157169 0.348856 0.069853 0.075980
