0 0.593903 0.359886 0.064645 0.178105
2 0.604167 0.373775 0.122549 0.208333
0 0.902880 0.556373 0.142770 0.075980
2 0.874540 0.500000 0.203738 0.215686
0 0.912224 0.143587 0.034007 0.050245
2 0.884344 0.183211 0.098346 0.131127
0 0.837623 0.377247 0.104779 0.073121
2 0.825827 0.334150 0.132659 0.159314
1 0.841452 0.346609 0.163909 0.185866
0 0.596507 0.552288 0.077206 0.086601
2 0.585478 0.518791 0.101716 0.174837
0 0.614124 0.800245 0.041360 0.019608
0 0.149969 0.524510 0.006434 0.063725
2 0.139553 0.504698 0.032169 0.101716
0 0.625613 0.090074 0.030025 0.085376
2 0.615043 0.132761 0.048713 0.173203
2 0.573223 0.796773 0.121936 0.045343
1 0.581801 0.386029 0.169730 0.230392
