0 0.494485 0.126225 0.017157 0.138889
2 0.524816 0.134191 0.079044 0.173611
0 0.693781 0.288603 0.018076 0.095180
2 0.695925 0.290645 0.032169 0.100899
1 0.685355 0.310458 0.056373 0.142157
0 0.171875 0.599877 0.025735 0.114788
2 0.144455 0.606413 0.086091 0.143382
0 0.160692 0.296160 0.029105 0.094771
2 0.134344 0.269608 0.077512 0.190359
0 0.044730 0.594158 0.020833 0.054330
2 0.054688 0.625000 0.037684 0.114379
0 0.727635 0.165645 0.030025 0.078840
2 0.721201 0.149918 0.045956 0.125000
0 0.198223 0.363358 0.044118 0.126225
2 0.218750 0.372753 0.083946 0.147467
0 0.701440 0.467320 0.019301 0.077614
2 0.714767 0.453840 0.045343 0.150327
0 0.977175 0.489788 0.045650 0.093954
2 0.960018 0.493873 0.079963 0.116013
0 0.873621 0.808619 0.027267 0.073121
2 0.855392 0.782884 0.066176 0.154820
0 0.777880 0.709150 0.037990 0.080882
0 0.514706 0.268382 0.039828 0.240196
2 0.469822 0.291871 0.129596 0.283905
0 0.427696 0.367239 0.025735 0.105392
2 0.451900 0.370098 0.075368 0.116830
0 0.291207 0.756944 0.013174 0.018791
2 0.300551 0.781250 0.047794 0.067402
1 0.304534 0.780433 0.061275 0.067402
0 0.554075 0.115196 0.026042 0.107026
2 0.568321 0.140523 0.064951 0.163399
