0 0.473652 0.437704 0.022059 0.121324
2 0.460784 0.397876 0.046569 0.226307
1 0.513787 0.425858 0.153799 0.285539
0 0.418505 0.224060 0.065564 0.095180
2 0.409007 0.204044 0.087010 0.155637
1 0.415901 0.220180 0.103248 0.190359
0 0.785999 0.325368 0.013174 0.071487
0 0.947304 0.197917 0.036152 0.077206
2 0.795956 0.322304 0.037377 0.076797
0 0.622549 0.159518 0.017770 0.085376
2 0.611060 0.167075 0.040748 0.102941
0 0.870558 0.732230 0.027880 0.113971
2 0.892770 0.739379 0.074142 0.168301
0 0.129442 0.889502 0.034620 0.082925
2 0.149357 0.861315 0.077512 0.167075
0 0.546875 0.257761 0.022059 0.112745
2 0.567555 0.263889 0.064645 0.130719
0 0.735447 0.241217 0.027267 0.123775
2 0.759651 0.248162 0.076900 0.143382
