0 0.909007 0.202206 0.053309 0.058824
2 0.889246 0.220384 0.097120 0.136846
1 0.919424 0.223243 0.161152 0.138480
0 0.297335 0.088031 0.034007 0.167075
2 0.263021 0.100694 0.109988 0.200572
0 0.560202 0.512868 0.084252 0.092729
2 0.550858 0.491830 0.099877 0.199346
0 0.880821 0.563725 0.104167 0.192810
2 0.879749 0.677696 0.111826 0.424837
0 0.744332 0.439747 0.017463 0.016748
2 0.756587 0.383783 0.046262 0.127042
1 0.811121 0.390319 0.155331 0.142565
0 0.292279 0.549020 0.028799 0.041667
2 0.269914 0.538399 0.074755 0.080065
