0 0.776042 0.403799 0.072917 0.284722
2 0.744945 0.461806 0.121630 0.400735
0 0.867953 0.540033 0.016544 0.053922
2 0.842678 0.663807 0.088542 0.235294
0 0.901042 0.697304 0.044730 0.066176
0 0.241728 0.085580 0.017770 0.057598
2 0.248621 0.098039 0.033395 0.080882
2 0.378523 0.148693 0.038909 0.076797
0 0.590380 0.202410 0.025123 0.052696
2 0.595895 0.209150 0.037377 0.063725
1 0.598958 0.192810 0.041667 0.124183
0 0.184589 0.159926 0.027267 0.053513
0 0.112898 0.128881 0.017463 0.060866
0 0.138174 0.289011 0.017157 0.045343
2 0.142616 0.293505 0.026042 0.055147
1 0.137408 0.297181 0.037071 0.065768
0 0.186428 0.274101 0.031556 0.062908
2 0.199142 0.267974 0.056373 0.075163
0 0.482996 0.906250 0.020527 0.087827
0 0.193934 0.722018 0.020221 0.087010
2 0.168811 0.726716 0.063725 0.098039
1 0.194393 0.733252 0.112439 0.110294
0 0.416820 0.954861 0.031556 0.049428
2 0.408854 0.934845 0.050551 0.087010
1 0.415288 0.944240 0.062806 0.105801
0 0.427083 0.172998 0.014706 0.062500
2 0.417279 0.179943 0.037377 0.087827
1 0.428922 0.179739 0.058824 0.086601
0 0.178462 0.533088 0.027267 0.072712
2 0.162531 0.540033 0.056066 0.086601
0 0.633425 0.050449 0.014400 0.062500
2 0.623315 0.076593 0.046875 0.113154
1 0.633119 0.078636 0.066483 0.154003
0 0.278646 0.342320 0.018689 0.053105
2 0.290748 0.339461 0.044118 0.058824
0 0.366881 0.144199 0.015012 0.064542
2 0.473039 0.917892 0.040441 0.111928
0 0.095588 0.249796 0.020833 0.085376
2 0.089461 0.243464 0.033088 0.126634
1 0.098039 0.278799 0.051471 0.198938
