0 0.595588 0.439747 0.056373 0.394199
2 0.682598 0.455678 0.223652 0.426062
1 0.617188 0.489788 0.342831 0.496732
0 0.217831 0.774714 0.129289 0.083742
0 0.454657 0.883374 0.033088 0.124592
0 0.326900 0.673203 0.018995 0.053105
0 0.267157 0.671569 0.030637 0.078431
2 0.256127 0.648897 0.099265 0.176879
0 0.168352 0.300041 0.019914 0.117239
2 0.143382 0.259191 0.068015 0.212010
0 0.066330 0.083538 0.031556 0.145833
2 0.073529 0.090891 0.052083 0.155637
1 0.071385 0.147672 0.051471 0.262663
0 0.081342 0.741626 0.056066 0.074755
