0 0.827512 0.486520 0.089461 0.209967
2 0.843597 0.525940 0.201287 0.296977
1 0.777267 0.470997 0.335172 0.437092
0 0.314032 0.887255 0.018382 0.013072
2 0.300398 0.848243 0.060355 0.089461
1 0.306219 0.861315 0.071998 0.111520
0 0.390625 0.569853 0.020833 0.075980
2 0.390165 0.552288 0.018076 0.113562
0 0.393536 0.162582 0.018076 0.084967
2 0.373162 0.159109 0.053922 0.102533
1 0.395680 0.157067 0.095282 0.109069
0 0.525123 0.319853 0.006740 0.019608
2 0.526348 0.353350 0.075368 0.100490
0 0.186887 0.343750 0.009191 0.073938
2 0.175705 0.355801 0.056066 0.102941
0 0.551624 0.034314 0.026654 0.062908
2 0.551164 0.050041 0.042279 0.089461
0 0.163603 0.870507 0.030637 0.133170
2 0.165135 0.901961 0.077819 0.196078
1 0.148591 0.888889 0.113971 0.222222
