0 0.212467 0.288318 0.069775 0.147073
2 0.189815 0.307168 0.116402 0.184772
1 0.175926 0.343006 0.147487 0.256448
0 0.329696 0.506448 0.020503 0.075893
0 0.327381 0.577753 0.027778 0.059772
0 0.627315 0.541295 0.029101 0.117808
2 0.661210 0.531498 0.095569 0.177083
1 0.608466 0.561756 0.203704 0.239583
0 0.413525 0.788814 0.030093 0.069196
2 0.409061 0.764633 0.066138 0.128968
0 0.491567 0.815600 0.047950 0.084573
2 0.515708 0.815104 0.096230 0.110367
1 0.466104 0.826637 0.195437 0.132440
0 0.885086 0.813864 0.086310 0.163442
0 0.792328 0.550471 0.078042 0.081597
2 0.866237 0.560020 0.223214 0.100694
2 0.884755 0.826885 0.091601 0.193948
0 0.559193 0.853051 0.055556 0.155010
2 0.525463 0.864087 0.125000 0.178075
