0 0.273897 0.162582 0.028799 0.182190
1 0.252757 0.186275 0.072917 0.229575
2 0.262714 0.177900 0.046262 0.215278
0 0.866728 0.541871 0.033701 0.077206
2 0.859222 0.511846 0.043811 0.134804
1 0.869332 0.542892 0.095282 0.191993
0 0.473039 0.092525 0.023284 0.079657
0 0.011795 0.478758 0.022978 0.081699
2 0.022059 0.460172 0.042279 0.136846
0 0.794577 0.179534 0.021752 0.079657
1 0.779259 0.180760 0.048713 0.080474
0 0.870098 0.177492 0.031863 0.067402
2 0.869638 0.159722 0.032169 0.106209
0 0.578431 0.165850 0.031863 0.066176
2 0.575061 0.151144 0.043505 0.097222
0 0.490196 0.060458 0.007353 0.074346
2 0.498775 0.070874 0.030025 0.095180
0 0.342525 0.277165 0.030637 0.284722
2 0.360294 0.243260 0.113358 0.443219
1 0.344669 0.281454 0.147672 0.519608
