0 0.393076 0.499387 0.105392 0.378676
2 0.422794 0.564338 0.164828 0.506944
1 0.312500 0.539828 0.386029 0.561683
0 0.750000 0.487132 0.044118 0.153186
2 0.728401 0.508170 0.081801 0.197712
0 0.188879 0.637255 0.048100 0.047386
2 0.186121 0.597631 0.055453 0.131536
1 0.155025 0.609681 0.122549 0.153186
0 0.582721 0.856413 0.011029 0.070670
0 0.950521 0.224877 0.021140 0.104984
2 0.969669 0.239992 0.060662 0.131127
1 0.951746 0.257966 0.095895 0.168709
0 0.839001 0.492851 0.043199 0.094363
2 0.834252 0.502042 0.052696 0.141340
