0 0.712776 0.462827 0.048713 0.301471
2 0.743719 0.466299 0.112439 0.356618
1 0.689185 0.489992 0.220282 0.406454
0 0.670037 0.394812 0.021446 0.108252
0 0.798100 0.905025 0.035539 0.149918
2 0.767770 0.914828 0.099265 0.167892
0 0.287990 0.901144 0.028799 0.087418
2 0.268536 0.921569 0.067708 0.123366
1 0.288756 0.928309 0.102022 0.143382
0 0.777267 0.815155 0.018995 0.082925
2 0.791360 0.811070 0.077206 0.099265
0 0.472120 0.797386 0.023284 0.053922
2 0.478707 0.787786 0.036458 0.092729
1 0.464767 0.803309 0.072917 0.123775
0 0.030790 0.894404 0.043199 0.098448
2 0.039522 0.883578 0.056985 0.122549
1 0.039828 0.896855 0.061275 0.162173
