0 0.722733 0.274510 0.023284 0.058824
2 0.719975 0.291667 0.033701 0.095588
1 0.722886 0.272672 0.039522 0.135212
0 0.553309 0.524918 0.009804 0.019608
2 0.548407 0.537173 0.026348 0.041667
1 0.550245 0.518995 0.030637 0.078023
0 0.179534 0.588031 0.007966 0.036356
2 0.199602 0.537786 0.053002 0.144199
1 0.181679 0.537173 0.085172 0.142974
0 0.442096 0.738154 0.041667 0.137255
2 0.454963 0.752655 0.063725 0.166258
1 0.441942 0.761642 0.092218 0.186683
0 0.691176 0.832721 0.030637 0.039624
2 0.693934 0.822712 0.039828 0.060458
0 0.956648 0.532271 0.031556 0.084967
2 0.970588 0.604779 0.054534 0.225082
1 0.960172 0.556168 0.075368 0.322304
0 0.318934 0.486315 0.055760 0.428513
2 0.356311 0.446283 0.127451 0.654820
1 0.232230 0.539011 0.378676 0.837827
