2 0.952819 0.474469 0.065564 0.161356
0 0.951593 0.531454 0.023284 0.078431
1 0.957414 0.548407 0.079657 0.306781
0 0.448989 0.729984 0.029718 0.122549
2 0.458946 0.745507 0.072917 0.160131
1 0.445159 0.757557 0.096814 0.180147
0 0.722273 0.272467 0.025429 0.052288
2 0.727482 0.251021 0.034620 0.094363
1 0.724265 0.267770 0.041667 0.131127
0 0.878370 0.502655 0.009804 0.040441
2 0.871783 0.502451 0.021752 0.042484
1 0.884498 0.519812 0.044730 0.077206
0 0.554688 0.525531 0.011336 0.023284
2 0.557598 0.508170 0.016544 0.058007
1 0.534467 0.539624 0.061581 0.122549
0 0.519761 0.650940 0.003983 0.020833
2 0.522825 0.648080 0.010723 0.029003
1 0.518689 0.653595 0.018382 0.041667
0 0.451746 0.631740 0.022365 0.068219
0 0.308058 0.467320 0.063419 0.486928
2 0.345741 0.451593 0.135723 0.662990
1 0.227482 0.537990 0.372243 0.835784
0 0.159926 0.551471 0.042279 0.115196
2 0.179994 0.551675 0.082414 0.167892
