0 0.451900 0.520221 0.014093 0.149101
2 0.487898 0.505923 0.087929 0.202206
1 0.453431 0.507557 0.156250 0.287173
0 0.405484 0.869485 0.065257 0.130310
0 0.314491 0.843137 0.020527 0.112745
2 0.300705 0.842729 0.053002 0.116013
0 0.662531 0.976716 0.059743 0.037582
2 0.707721 0.902778 0.155025 0.178922
0 0.854779 0.566585 0.009804 0.104575
2 0.883732 0.574959 0.073223 0.149918
1 0.883885 0.548203 0.074755 0.224673
0 0.736213 0.697304 0.021446 0.119281
2 0.755055 0.702410 0.055453 0.153186
1 0.735447 0.706699 0.097733 0.166667
0 0.914828 0.223856 0.042279 0.123366
2 0.944087 0.237132 0.104473 0.145833
