0 0.949602 0.394199 0.038909 0.100490
2 0.941636 0.365196 0.051164 0.160948
1 0.949755 0.396242 0.094975 0.229575
0 0.668811 0.457925 0.014093 0.106209
2 0.687806 0.472835 0.053922 0.142565
1 0.660846 0.492647 0.106005 0.188725
0 0.727175 0.451797 0.018076 0.044935
2 0.734222 0.423611 0.043811 0.116830
1 0.735141 0.467729 0.045650 0.207516
0 0.106924 0.373366 0.028186 0.071895
2 0.117800 0.343137 0.053002 0.132353
1 0.121936 0.382149 0.071078 0.208742
0 0.437806 0.492034 0.065564 0.337827
2 0.498468 0.547181 0.186887 0.457108
1 0.480086 0.547998 0.221201 0.460376
0 0.409620 0.919322 0.040441 0.039624
2 0.430453 0.911560 0.080270 0.051062
1 0.429381 0.887868 0.083640 0.111520
0 0.071385 0.893382 0.021446 0.060458
2 0.057751 0.894404 0.053615 0.064951
0 0.127298 0.913194 0.043811 0.067402
2 0.138480 0.928717 0.063113 0.093546
1 0.071385 0.884600 0.084559 0.087010
0 0.867188 0.688521 0.046262 0.149918
2 0.844363 0.689134 0.088848 0.153595
