0 0.240656 0.379902 0.029105 0.084967
2 0.249847 0.352941 0.048713 0.143791
0 0.324755 0.527574 0.018382 0.130310
2 0.349571 0.469975 0.071078 0.249592
0 0.750306 0.936479 0.016544 0.071487
2 0.771140 0.915441 0.059436 0.116013
1 0.755362 0.914420 0.090993 0.111520
0 0.569853 0.797794 0.044730 0.068627
2 0.563725 0.782271 0.053922 0.103758
0 0.438725 0.905433 0.030637 0.060866
0 0.585631 0.589869 0.013174 0.078431
2 0.595129 0.604779 0.029105 0.101716
0 0.538909 0.360090 0.020833 0.051879
0 0.251379 0.078227 0.022365 0.092729
2 0.264706 0.088031 0.049020 0.114788
0 0.807904 0.062092 0.060662 0.091503
2 0.786765 0.083538 0.099265 0.136846
0 0.330576 0.104575 0.016544 0.057190
2 0.315717 0.099060 0.046262 0.079657
1 0.356771 0.522467 0.086703 0.353758
1 0.256587 0.380515 0.062806 0.198938
0 0.361213 0.299020 0.020221 0.049837
2 0.350490 0.295547 0.041667 0.073938
