0 0.835813 0.108755 0.034061 0.155506
2 0.896495 0.095362 0.153439 0.185268
1 0.833664 0.129216 0.279101 0.257440
0 0.317295 0.043155 0.026124 0.085813
2 0.289517 0.068700 0.081680 0.136409
0 0.776951 0.642733 0.087632 0.095486
2 0.665013 0.611359 0.311508 0.161210
1 0.723876 0.537698 0.429233 0.387401
0 0.494378 0.788318 0.055556 0.141617
2 0.405423 0.718998 0.231481 0.278770
0 0.615906 0.899554 0.160384 0.162698
0 0.412698 0.463666 0.117725 0.227431
2 0.424272 0.375744 0.136905 0.407738
0 0.652943 0.115699 0.075066 0.230407
