0 0.669271 0.458742 0.102635 0.257353
2 0.637408 0.419526 0.168199 0.361928
0 0.642463 0.181985 0.023284 0.054330
2 0.641238 0.176266 0.035539 0.085376
0 0.670343 0.114379 0.018995 0.038399
2 0.672794 0.118873 0.023284 0.048203
0 0.964920 0.392157 0.026654 0.039216
2 0.963542 0.364583 0.029412 0.094363
0 0.942708 0.151552 0.041667 0.066993
2 0.939951 0.148080 0.046569 0.070670
0 0.423713 0.036560 0.037990 0.072304
2 0.430453 0.056577 0.051471 0.111520
1 0.448836 0.102124 0.088235 0.202614
1 0.686734 0.493464 0.268076 0.508987
0 0.768229 0.539216 0.027267 0.053922
2 0.763480 0.489175 0.040441 0.155637
0 0.176011 0.914624 0.079350 0.043301
2 0.212316 0.933619 0.151961 0.082108
0 0.370864 0.834763 0.056066 0.069853
2 0.338542 0.855188 0.121936 0.110703
