0 0.204197 0.770833 0.017463 0.129085
2 0.189032 0.763072 0.051471 0.151144
1 0.205270 0.722018 0.083333 0.202206
0 0.665135 0.401961 0.037990 0.138072
2 0.635570 0.338848 0.096507 0.408905
1 0.691636 0.358864 0.208640 0.457925
0 0.352022 0.101920 0.010417 0.042075
2 0.355852 0.071078 0.018076 0.102941
0 0.564032 0.286765 0.020833 0.069444
2 0.551164 0.283497 0.045956 0.077614
1 0.563725 0.267974 0.069240 0.116013
0 0.721967 0.656658 0.013174 0.048611
2 0.742953 0.662786 0.056373 0.060049
0 0.934896 0.446895 0.010723 0.017974
2 0.933364 0.437908 0.013174 0.035948
1 0.942555 0.440155 0.032169 0.039624
0 0.892004 0.471201 0.010110 0.038807
0 0.226562 0.114583 0.015625 0.074755
2 0.244485 0.118056 0.052696 0.083333
0 0.094363 0.345384 0.026961 0.063317
2 0.105086 0.350899 0.049632 0.092320
0 0.077512 0.365809 0.012255 0.081291
2 0.053462 0.369077 0.061581 0.113154
0 0.281863 0.340482 0.011642 0.018382
2 0.284161 0.325368 0.015625 0.059232
1 0.274050 0.325572 0.036458 0.059641
0 0.095895 0.861315 0.090686 0.045343
0 0.335478 0.957108 0.012255 0.015523
2 0.345895 0.963031 0.033088 0.027369
1 0.332874 0.955270 0.058517 0.042892
0 0.651961 0.826185 0.011029 0.028186
2 0.667433 0.830270 0.041973 0.036356
0 0.508425 0.070874 0.007047 0.033088
0 0.683977 0.040033 0.008885 0.037582
2 0.689338 0.044322 0.018995 0.045343
