0 0.880362 0.087010 0.010110 0.036765
2 0.878523 0.087214 0.015012 0.037173
0 0.903493 0.137255 0.014706 0.046569
2 0.901654 0.133783 0.018995 0.054330
0 0.800245 0.184641 0.009804 0.044118
2 0.792739 0.182394 0.024816 0.049428
0 0.649050 0.082721 0.004596 0.021650
0 0.792279 0.118056 0.011029 0.049837
2 0.784161 0.118260 0.027880 0.051062
1 0.795190 0.121528 0.048713 0.057598
0 0.408701 0.421364 0.093137 0.320670
2 0.354779 0.393382 0.198529 0.449346
1 0.425705 0.461397 0.349571 0.588644
0 0.955576 0.672998 0.007966 0.033088
2 0.967065 0.660539 0.034620 0.060458
1 0.963235 0.667688 0.041054 0.074755
0 0.629442 0.891136 0.018689 0.056781
2 0.623009 0.878881 0.032782 0.093546
1 0.645221 0.892770 0.075980 0.125408
0 0.643842 0.980188 0.038909 0.039624
2 0.625766 0.952410 0.076287 0.095180
0 0.770833 0.566381 0.014706 0.048611
2 0.784926 0.573325 0.055147 0.062500
0 0.994485 0.390523 0.011029 0.054739
2 0.980545 0.398693 0.038909 0.069444
0 0.832567 0.539420 0.008885 0.032271
2 0.827512 0.545547 0.018382 0.042892
0 0.077819 0.501225 0.015319 0.040850
2 0.083487 0.490400 0.025429 0.080474
1 0.080576 0.502655 0.047181 0.103350
