0 0.718903 0.620711 0.172488 0.208742
2 0.700674 0.541054 0.212010 0.372141
1 0.723499 0.658292 0.257659 0.599265
0 0.854779 0.306577 0.037990 0.066585
2 0.856005 0.302083 0.047181 0.099265
0 0.901808 0.134395 0.069547 0.150327
2 0.925092 0.135417 0.112439 0.154820
0 0.671875 0.044118 0.041667 0.084967
2 0.683517 0.069240 0.061887 0.135212
1 0.669424 0.119690 0.094975 0.237745
0 0.889706 0.742851 0.039216 0.057598
2 0.904412 0.686070 0.066789 0.172794
0 0.166360 0.228554 0.014093 0.046977
2 0.132966 0.212214 0.091912 0.094363
0 0.395221 0.799837 0.060662 0.056373
2 0.357996 0.812296 0.138174 0.079657
0 0.200368 0.767361 0.066789 0.064951
2 0.227175 0.802083 0.118566 0.136029
