0 0.507353 0.423611 0.209559 0.379902
2 0.481158 0.447304 0.281556 0.455882
1 0.400123 0.502042 0.445466 0.562908
0 0.121017 0.087418 0.039828 0.169118
2 0.164828 0.110703 0.139093 0.219771
0 0.739583 0.150123 0.023897 0.140114
2 0.716452 0.158088 0.067096 0.156046
1 0.747396 0.177492 0.128983 0.194853
0 0.944393 0.091095 0.021752 0.078431
2 0.928615 0.085172 0.051471 0.089461
1 0.944087 0.092525 0.079963 0.104167
0 0.825368 0.080065 0.019608 0.159314
2 0.864583 0.100899 0.114583 0.200980
1 0.821232 0.117239 0.198836 0.233660
0 0.604013 0.050858 0.016850 0.087010
2 0.587776 0.061275 0.051164 0.109477
1 0.596201 0.067198 0.069240 0.121324
0 0.778186 0.658497 0.026961 0.066993
2 0.814645 0.656863 0.099877 0.067810
