0 0.409773 0.250817 0.034007 0.069444
2 0.394301 0.222835 0.066176 0.130310
1 0.415135 0.231618 0.106005 0.147876
0 0.573683 0.330882 0.105086 0.492647
2 0.693627 0.352328 0.344975 0.533088
0 0.082567 0.184232 0.013174 0.077614
2 0.053768 0.198529 0.069547 0.104575
1 0.068627 0.207312 0.098652 0.145833
0 0.772365 0.830474 0.056985 0.031046
2 0.763787 0.812908 0.074142 0.069444
1 0.751838 0.834150 0.098039 0.113562
0 0.253830 0.823529 0.022365 0.031046
2 0.269455 0.790441 0.054228 0.096405
0 0.068934 0.927288 0.017157 0.022876
2 0.081495 0.902574 0.041054 0.073938
1 0.063266 0.926266 0.077512 0.120507
