0 0.244179 0.498162 0.058824 0.255310
2 0.211550 0.480392 0.132047 0.292484
1 0.246477 0.514297 0.199449 0.357843
0 0.659007 0.136234 0.026348 0.082925
2 0.642310 0.141953 0.059130 0.091095
1 0.653339 0.163399 0.081801 0.133987
0 0.811887 0.212623 0.012255 0.044526
2 0.806066 0.200368 0.025735 0.069853
1 0.811581 0.201185 0.037377 0.069853
0 0.474571 0.286765 0.012868 0.064542
2 0.467218 0.287582 0.031863 0.066176
0 0.568781 0.208946 0.021752 0.102533
2 0.552696 0.208742 0.053309 0.103758
1 0.558364 0.221609 0.065257 0.128676
0 0.543045 0.315155 0.035233 0.058415
2 0.562806 0.313930 0.074755 0.055964
0 0.721814 0.859069 0.026961 0.020425
2 0.715380 0.866013 0.042279 0.035131
1 0.710631 0.853758 0.051777 0.061275
0 0.627298 0.533905 0.026042 0.049837
2 0.619332 0.525531 0.043199 0.070670
1 0.619485 0.533905 0.044118 0.085784
0 0.769455 0.468137 0.011336 0.047386
2 0.763940 0.464052 0.022978 0.056373
1 0.778799 0.465278 0.042892 0.080065
0 0.702359 0.422181 0.018689 0.040441
2 0.695159 0.418505 0.033088 0.048611
1 0.709406 0.429126 0.060355 0.067402
0 0.145833 0.536560 0.018995 0.092729
2 0.131127 0.543913 0.060049 0.107435
0 0.415441 0.600899 0.009804 0.030229
2 0.403646 0.603145 0.032169 0.037173
1 0.418199 0.590891 0.062500 0.091912
0 0.519761 0.610703 0.019301 0.034314
2 0.529871 0.613154 0.039522 0.039216
0 0.736366 0.180760 0.015012 0.034722
2 0.731464 0.180964 0.026042 0.072712
1 0.724112 0.193219 0.040748 0.098039
1 0.480545 0.298203 0.059130 0.086601
