0 0.528493 0.385621 0.044730 0.197712
2 0.582721 0.380515 0.151348 0.269199
0 0.722426 0.298611 0.006740 0.028595
2 0.725797 0.297386 0.013480 0.053105
1 0.720895 0.299837 0.022672 0.057190
0 0.400582 0.442198 0.016850 0.051062
2 0.403186 0.452410 0.023897 0.101716
1 0.389246 0.460580 0.053002 0.118056
0 0.356618 0.320670 0.011642 0.053922
2 0.352175 0.324346 0.028493 0.065359
1 0.357077 0.339052 0.036458 0.094771
0 0.265012 0.142361 0.023284 0.043709
2 0.272212 0.146650 0.037684 0.053922
0 0.057138 0.321283 0.038909 0.048611
2 0.064951 0.327410 0.056985 0.061683
1 0.068321 0.339052 0.062500 0.084150
0 0.804075 0.500613 0.015625 0.023284
2 0.799632 0.497549 0.024510 0.046569
0 0.737286 0.602941 0.008272 0.011438
2 0.741575 0.591912 0.024816 0.033497
0 0.805300 0.199346 0.008885 0.032680
2 0.800092 0.202410 0.020527 0.044526
1 0.804841 0.209763 0.031250 0.060049
0 0.672488 0.307394 0.009804 0.033088
2 0.679688 0.309436 0.025429 0.039624
1 0.674939 0.315564 0.036152 0.051879
0 0.837623 0.042279 0.020833 0.039624
2 0.830270 0.043913 0.036152 0.047794
0 0.754289 0.117034 0.007966 0.035539
2 0.757200 0.121324 0.013174 0.044118
1 0.754289 0.129698 0.020221 0.060866
0 0.880821 0.178105 0.004289 0.019608
2 0.877604 0.179126 0.010723 0.026552
1 0.881281 0.180556 0.016238 0.030229
0 0.657322 0.202819 0.008885 0.037990
2 0.662531 0.206495 0.018689 0.046160
0 0.682598 0.028799 0.022059 0.041258
2 0.692096 0.031454 0.041667 0.044118
1 0.691942 0.038807 0.041973 0.063725
