0 0.156250 0.352941 0.053922 0.134804
2 0.185662 0.360703 0.110907 0.147876
0 0.370251 0.288399 0.057904 0.248366
2 0.393076 0.335172 0.121936 0.337827
1 0.351256 0.372549 0.201287 0.401961
0 0.443627 0.223448 0.025735 0.072712
2 0.427237 0.192606 0.062194 0.187500
0 0.672488 0.439542 0.021446 0.093954
0 0.827665 0.491626 0.026042 0.039624
0 0.971967 0.739175 0.056066 0.109069
2 0.952665 0.704044 0.094669 0.214461
0 0.917586 0.947508 0.072917 0.050245
2 0.887102 0.917075 0.140625 0.115196
0 0.754289 0.453227 0.038603 0.102533
2 0.772672 0.458946 0.072304 0.176879
