0 0.437040 0.329861 0.005821 0.018382
2 0.435049 0.328023 0.011029 0.036765
1 0.441176 0.331699 0.022672 0.044118
0 0.535999 0.344158 0.004596 0.015931
0 0.576593 0.817810 0.025123 0.053105
2 0.584406 0.824959 0.041973 0.066585
1 0.579044 0.839052 0.051471 0.095588
0 0.669424 0.883987 0.014093 0.026961
2 0.664982 0.879698 0.021752 0.035539
0 0.614430 0.883170 0.003370 0.013889
2 0.614583 0.876430 0.009191 0.027369
1 0.613358 0.883783 0.014706 0.042075
0 0.732077 0.899101 0.008272 0.009804
2 0.725337 0.908905 0.021140 0.029412
1 0.723039 0.906454 0.023284 0.035948
0 0.721048 0.737541 0.010723 0.020016
2 0.728707 0.732026 0.025429 0.032680
0 0.725643 0.715074 0.005208 0.009395
2 0.722886 0.703227 0.010110 0.033905
0 0.804534 0.650531 0.008578 0.036356
2 0.813879 0.653186 0.025429 0.040850
0 0.772825 0.671364 0.011336 0.045343
2 0.763480 0.676062 0.031863 0.054739
1 0.777420 0.675041 0.061581 0.052696
0 0.621630 0.625408 0.003676 0.022059
2 0.626685 0.630719 0.013787 0.032680
0 0.325674 0.443219 0.051471 0.296569
2 0.409314 0.511438 0.224265 0.436275
1 0.354167 0.541054 0.340686 0.494690
0 0.176011 0.718546 0.008885 0.026144
2 0.179228 0.712418 0.015931 0.040033
1 0.175705 0.718342 0.022978 0.050245
0 0.274663 0.830474 0.008885 0.031046
2 0.278952 0.833333 0.022978 0.037582
