0 0.364124 0.465482 0.125306 0.218546
2 0.351562 0.461601 0.166973 0.290850
1 0.415135 0.512663 0.294730 0.389706
0 0.747396 0.736520 0.008885 0.065359
2 0.758732 0.742647 0.032169 0.077614
1 0.750766 0.746119 0.048100 0.084559
0 0.742188 0.549428 0.010723 0.036765
2 0.731158 0.532884 0.035233 0.073121
0 0.812806 0.502042 0.006127 0.024510
2 0.803615 0.505310 0.023284 0.031046
0 0.537531 0.274918 0.015625 0.058007
2 0.520374 0.233864 0.050551 0.142565
0 0.458946 0.176062 0.022059 0.084150
2 0.466299 0.169935 0.036152 0.115196
0 0.400123 0.206904 0.025735 0.074755
2 0.413143 0.200572 0.053002 0.105392
1 0.405025 0.200980 0.068627 0.106209
2 0.344975 0.077819 0.030637 0.115605
1 0.347886 0.089665 0.036458 0.140114
0 0.122243 0.640727 0.012868 0.081291
2 0.112439 0.650940 0.033701 0.100899
0 0.275888 0.256944 0.009498 0.049837
2 0.258578 0.258578 0.043505 0.055556
1 0.268229 0.259395 0.062806 0.056373
0 0.039369 0.161152 0.031556 0.082925
2 0.032935 0.170956 0.045037 0.101716
0 0.350184 0.100286 0.013480 0.062500
1 0.543199 0.255310 0.096814 0.185458
1 0.097273 0.662173 0.064032 0.123366
