0 0.681679 0.359681 0.106005 0.470180
2 0.634957 0.364992 0.201287 0.479167
1 0.763940 0.517157 0.459865 0.781046
0 0.272978 0.550449 0.006740 0.053513
0 0.306832 0.658497 0.015012 0.035948
2 0.312806 0.652369 0.034926 0.063725
0 0.289828 0.704248 0.007353 0.019608
2 0.291513 0.713235 0.016850 0.038399
1 0.290441 0.713644 0.019608 0.038399
2 0.270067 0.550858 0.017463 0.054330
0 0.310815 0.551879 0.008272 0.042484
2 0.316636 0.542892 0.018076 0.060458
0 0.256893 0.305351 0.029718 0.039624
0 0.410386 0.361315 0.012561 0.029003
2 0.413909 0.352533 0.019608 0.045752
0 0.394455 0.396038 0.013174 0.029003
0 0.399357 0.119690 0.009498 0.045752
0 0.369638 0.835784 0.011336 0.032680
2 0.367494 0.831087 0.016238 0.042892
0 0.140472 0.573529 0.005208 0.033497
2 0.139400 0.575980 0.019608 0.036765
0 0.189645 0.409109 0.017157 0.038807
2 0.193015 0.400531 0.020833 0.064951
1 0.183977 0.406250 0.048713 0.077206
0 0.170037 0.460784 0.011029 0.016340
2 0.160846 0.448734 0.030025 0.040441
0 0.512255 0.341299 0.015319 0.064951
2 0.501991 0.345997 0.035846 0.075163
0 0.524050 0.296364 0.003983 0.037990
2 0.519301 0.288399 0.013480 0.053922
0 0.829810 0.151144 0.019301 0.094771
2 0.844363 0.147467 0.048407 0.125000
0 0.919118 0.759600 0.014093 0.076389
2 0.934896 0.752859 0.045650 0.116830
1 0.912837 0.764297 0.090993 0.139706
