0 0.482077 0.381740 0.069547 0.419526
2 0.374387 0.343546 0.284926 0.676471
0 0.222580 0.664420 0.015012 0.046977
2 0.207108 0.629902 0.051471 0.116830
0 0.094669 0.173407 0.014093 0.047794
2 0.101103 0.154003 0.025123 0.086601
1 0.090839 0.176062 0.045650 0.131536
1 0.450521 0.437092 0.438419 0.861928
0 0.674173 0.772672 0.073223 0.167892
2 0.660846 0.714665 0.102941 0.365605
0 0.072457 0.306781 0.019914 0.039216
2 0.082261 0.328431 0.040748 0.089869
1 0.083027 0.351920 0.066789 0.136846
0 0.236366 0.394812 0.021752 0.047794
2 0.246477 0.401144 0.043811 0.062092
