0 0.807209 0.447297 0.029101 0.117808
2 0.843089 0.445188 0.100860 0.177579
0 0.512401 0.490699 0.047950 0.237847
2 0.461475 0.508185 0.186177 0.272817
0 0.971561 0.072669 0.056878 0.071429
2 0.960813 0.056176 0.071759 0.106399
1 0.963294 0.099082 0.073413 0.190228
0 0.183862 0.253596 0.046958 0.129216
2 0.581184 0.547991 0.420304 0.350446
0 0.259425 0.428075 0.074405 0.100198
2 0.281581 0.445312 0.126653 0.130208
0 0.850694 0.154266 0.069114 0.089782
2 0.833333 0.149678 0.100529 0.132192
0 0.232639 0.175967 0.073082 0.106399
0 0.074901 0.434896 0.030093 0.121776
2 0.045966 0.448413 0.087963 0.148810
0 0.390542 0.124876 0.096561 0.243800
0 0.606812 0.258681 0.052249 0.158234
0 0.065311 0.715402 0.036045 0.116815
