0 0.744945 0.667075 0.043811 0.164216
2 0.688572 0.668709 0.158395 0.156863
0 0.958640 0.700980 0.040441 0.184641
2 0.958640 0.665441 0.078431 0.267157
0 0.883425 0.282680 0.031556 0.080882
0 0.892463 0.251225 0.049020 0.140523
1 0.862132 0.272059 0.110907 0.179739
0 0.437347 0.489175 0.031556 0.177696
2 0.358609 0.379493 0.187194 0.496732
1 0.771446 0.706699 0.325980 0.267974
0 0.639246 0.612541 0.037684 0.176062
2 0.599571 0.627655 0.117034 0.202206
1 0.404565 0.427492 0.277267 0.595997
0 0.041360 0.649714 0.044118 0.072304
2 0.035846 0.643995 0.071078 0.131944
1 0.108915 0.594158 0.215380 0.346814
0 0.049939 0.112745 0.015931 0.073529
2 0.056219 0.112745 0.026654 0.119281
0 0.207414 0.061070 0.036152 0.121324
2 0.183058 0.094363 0.087316 0.185458
