0 0.552543 0.488154 0.253370 0.232843
2 0.584252 0.445670 0.355392 0.342320
1 0.663143 0.503881 0.559130 0.450572
0 0.320925 0.135212 0.022978 0.058007
2 0.315411 0.105596 0.056679 0.115605
1 0.300551 0.167892 0.089461 0.223856
0 0.135723 0.343750 0.036152 0.064134
2 0.113971 0.377655 0.080882 0.161356
1 0.136795 0.405025 0.157782 0.217729
0 0.643842 0.081904 0.040748 0.079657
2 0.632659 0.087214 0.063113 0.090278
0 0.850950 0.121732 0.107537 0.049837
2 0.821538 0.087827 0.168811 0.121732
1 0.796569 0.118260 0.217525 0.184232
