0 0.689185 0.520629 0.032169 0.273284
2 0.630974 0.498775 0.152880 0.346405
1 0.767157 0.525123 0.425858 0.394199
0 0.824908 0.360907 0.026042 0.102533
2 0.797028 0.388276 0.084865 0.154820
1 0.803615 0.399306 0.094975 0.176879
0 0.455729 0.869894 0.013787 0.082108
2 0.443781 0.860498 0.037071 0.123775
0 0.354320 0.844771 0.009498 0.031863
2 0.352328 0.843137 0.020221 0.058007
0 0.332721 0.819649 0.017157 0.063317
2 0.338235 0.822508 0.027574 0.069853
0 0.107230 0.837827 0.017157 0.073529
2 0.087469 0.848448 0.069547 0.094771
0 0.255974 0.631944 0.011336 0.054739
2 0.253676 0.629493 0.026961 0.075163
0 0.530025 0.903186 0.007966 0.044935
2 0.538143 0.908497 0.024203 0.056373
1 0.528646 0.915645 0.043811 0.070670
