0 0.518842 0.310866 0.098958 0.617647
2 0.571385 0.311070 0.226716 0.621324
1 0.461091 0.365605 0.445466 0.730392
0 0.920650 0.127042 0.015319 0.092320
2 0.914522 0.128472 0.034926 0.149101
1 0.929688 0.147672 0.066483 0.187500
0 0.742341 0.636846 0.020221 0.082516
2 0.753676 0.619281 0.042892 0.102941
1 0.739277 0.624183 0.071691 0.155229
0 0.658548 0.874592 0.029105 0.094771
2 0.644914 0.874592 0.064338 0.119281
0 0.102788 0.744485 0.021140 0.081291
2 0.129902 0.733047 0.075980 0.140931
1 0.107996 0.745915 0.119792 0.168301
0 0.616422 0.948938 0.022672 0.076797
2 0.625000 0.955065 0.038603 0.089869
0 0.814032 0.250408 0.009191 0.058007
2 0.825827 0.221405 0.032782 0.120915
1 0.807292 0.236111 0.071078 0.150327
0 0.046415 0.099469 0.008272 0.054330
2 0.044118 0.107026 0.022672 0.068627
0 0.136949 0.332108 0.025123 0.089052
2 0.147518 0.353145 0.046262 0.133578
0 0.508732 0.152165 0.023591 0.049428
2 0.502451 0.145016 0.034926 0.124183
