0 0.615043 0.393587 0.065870 0.319853
2 0.670190 0.418301 0.176777 0.371732
1 0.647518 0.418913 0.222120 0.466912
0 0.322763 0.587214 0.023591 0.145016
2 0.329350 0.590686 0.049020 0.151961
1 0.314032 0.585989 0.082721 0.189951
0 0.323989 0.266544 0.013787 0.051062
2 0.333027 0.270016 0.030637 0.082516
1 0.317708 0.267974 0.073529 0.072712
0 0.479167 0.049020 0.011642 0.053105
2 0.462010 0.054943 0.044730 0.067402
1 0.471048 0.065359 0.062806 0.085784
0 0.236213 0.056577 0.006740 0.031454
2 0.241115 0.039828 0.018382 0.067402
0 0.654871 0.116626 0.006434 0.031454
2 0.648131 0.116830 0.020527 0.040850
1 0.658395 0.122345 0.039828 0.051062
0 0.683670 0.033701 0.016850 0.042075
2 0.674020 0.035335 0.036152 0.062500
1 0.678615 0.041054 0.044730 0.075572
0 0.759651 0.174224 0.006434 0.051879
2 0.774357 0.178922 0.035233 0.062092
1 0.757812 0.188725 0.068934 0.081699
