2 0.454861 0.552951 0.145833 0.146577
2 0.429729 0.782490 0.163690 0.154762
2 0.739087 0.522817 0.060847 0.062004
0 0.517857 0.382688 0.017857 0.054563
0 0.497685 0.327257 0.017857 0.043403
0 0.427414 0.541295 0.067130 0.117808
0 0.056878 0.395585 0.022487 0.024306
2 0.007606 0.322173 0.014550 0.014385
2 0.080522 0.319196 0.019511 0.010913
1 0.132440 0.307912 0.013558 0.019593
0 0.272156 0.532490 0.009921 0.025298
2 0.280423 0.533482 0.029762 0.025298
0 0.115906 0.533234 0.028108 0.068948
0 0.215774 0.533482 0.022156 0.026290
2 0.211806 0.540799 0.031415 0.040923
0 0.542493 0.545511 0.011574 0.015129
0 0.642526 0.575769 0.008598 0.015129
2 0.645172 0.577753 0.015873 0.020089
0 0.557870 0.523065 0.015212 0.032242
2 0.549934 0.528150 0.032407 0.042411
0 0.457672 0.762897 0.041667 0.114087
0 0.483466 0.691592 0.116402 0.072173
2 0.460317 0.651538 0.165344 0.152778
0 0.624008 0.667783 0.012566 0.027530
0 0.604167 0.652654 0.015873 0.031002
0 0.637070 0.706597 0.012235 0.037202
1 0.637731 0.718750 0.056548 0.061508
0 0.733631 0.532738 0.018849 0.045139
1 0.738922 0.548115 0.061177 0.111607
0 0.188161 0.692584 0.033069 0.071677
2 0.162864 0.699405 0.084987 0.086310
0 0.749835 0.654514 0.018188 0.016369
2 0.765873 0.659970 0.050265 0.029266
0 0.241898 0.921999 0.030093 0.041915
2 0.249504 0.926463 0.047950 0.045883
0 0.804563 0.742560 0.058201 0.024802
