0 0.328738 0.496119 0.027574 0.067402
2 0.337929 0.489175 0.047181 0.078023
1 0.316789 0.503268 0.089461 0.106209
0 0.414522 0.304534 0.012255 0.058415
2 0.418964 0.280637 0.021140 0.110294
1 0.401348 0.282067 0.056373 0.121324
0 0.579044 0.145833 0.013480 0.120098
2 0.549479 0.151144 0.072610 0.127451
1 0.584865 0.159926 0.140319 0.146650
0 0.700061 0.420752 0.110907 0.450163
2 0.749540 0.457516 0.206801 0.523693
0 0.321385 0.177288 0.018382 0.098856
2 0.318627 0.186683 0.033701 0.116013
0 0.284620 0.202614 0.008578 0.048203
2 0.292279 0.164624 0.023897 0.124183
1 0.269301 0.179330 0.070466 0.153595
0 0.356618 0.313317 0.012868 0.054739
2 0.349418 0.322304 0.027267 0.071078
0 0.145680 0.067606 0.070772 0.097631
2 0.159007 0.074142 0.098652 0.111520
0 0.405790 0.614583 0.019301 0.070670
2 0.421109 0.602533 0.051164 0.116013
0 0.493260 0.632353 0.010417 0.068627
2 0.481618 0.638480 0.036152 0.080882
0 0.183364 0.836806 0.040135 0.079657
2 0.191942 0.850082 0.056679 0.105392
0 0.140625 0.689951 0.018995 0.140523
2 0.106158 0.707108 0.117341 0.173203
0 0.968290 0.210989 0.060355 0.082108
2 0.960784 0.211601 0.078431 0.103758
