0 0.843597 0.150940 0.019301 0.067402
2 0.858150 0.208129 0.061887 0.165441
1 0.853554 0.160743 0.055760 0.262663
0 0.495251 0.541667 0.073836 0.526961
2 0.626072 0.574142 0.335478 0.593546
1 0.506893 0.639093 0.572610 0.721814
0 0.677543 0.425041 0.016850 0.048611
2 0.674939 0.415645 0.031250 0.069853
0 0.806526 0.381536 0.016238 0.046569
2 0.813725 0.387459 0.038603 0.060049
0 0.924939 0.770221 0.015931 0.019199
2 0.925245 0.776961 0.040441 0.033497
1 0.918352 0.750204 0.054228 0.088644
0 0.545956 0.187092 0.017157 0.057190
2 0.552390 0.197304 0.029412 0.081699
