0 0.018382 0.371119 0.021446 0.145833
2 0.014400 0.370098 0.024510 0.209150
1 0.028646 0.390523 0.054228 0.236111
0 0.728401 0.914420 0.009498 0.031454
2 0.733609 0.935253 0.035233 0.092729
1 0.731005 0.896855 0.060662 0.171977
0 0.127604 0.494485 0.013174 0.027369
2 0.142310 0.535948 0.039522 0.107026
1 0.136029 0.533088 0.051471 0.118464
0 0.787990 0.639910 0.004902 0.023284
2 0.779259 0.632761 0.021140 0.052288
1 0.782322 0.629698 0.032169 0.063317
0 0.711703 0.651348 0.007353 0.029820
2 0.706648 0.652982 0.016850 0.034722
1 0.713848 0.637255 0.030637 0.057190
0 0.988358 0.605801 0.007966 0.039216
2 0.991881 0.607639 0.013787 0.047794
1 0.975031 0.596201 0.049939 0.072304
0 0.850031 0.510417 0.008272 0.025735
2 0.844363 0.518178 0.018382 0.044526
1 0.848499 0.508170 0.026654 0.066176
0 0.837623 0.424224 0.005515 0.020833
2 0.838082 0.427083 0.011949 0.040441
1 0.827053 0.421569 0.033395 0.060458
0 0.789982 0.455678 0.009498 0.026552
2 0.783088 0.469975 0.027574 0.053513
1 0.787684 0.454248 0.032475 0.075163
0 0.650735 0.321895 0.006740 0.026144
2 0.657782 0.317606 0.022059 0.066585
1 0.651042 0.320261 0.039828 0.077614
0 0.476869 0.522876 0.079350 0.312908
2 0.412990 0.523897 0.208946 0.516748
1 0.477635 0.573529 0.337010 0.624183
0 0.940870 0.440768 0.010417 0.050654
2 0.958027 0.446283 0.045343 0.066585
0 0.965686 0.768587 0.015319 0.042892
2 0.976716 0.768178 0.035539 0.043709
