0 0.437194 0.458333 0.091912 0.298203
2 0.456801 0.498775 0.131127 0.384804
1 0.400276 0.515727 0.241115 0.420343
2 0.058211 0.324755 0.012868 0.076797
0 0.054994 0.324551 0.007047 0.031454
1 0.040901 0.326797 0.045650 0.076797
0 0.153646 0.141340 0.007659 0.022059
2 0.155484 0.132353 0.013787 0.048203
1 0.155178 0.144608 0.022978 0.072712
0 0.053768 0.527982 0.032169 0.068219
2 0.061734 0.537582 0.048100 0.087418
0 0.152420 0.043913 0.013787 0.051062
2 0.155637 0.051266 0.018995 0.066585
0 0.171415 0.060253 0.009498 0.042892
0 0.406863 0.050654 0.004289 0.019608
2 0.409467 0.052083 0.009498 0.031454
1 0.405790 0.056168 0.016850 0.040441
