0 0.419271 0.447712 0.072610 0.354575
2 0.398131 0.432802 0.130208 0.500408
1 0.489430 0.550245 0.317096 0.735294
2 0.324602 0.955270 0.029105 0.066585
1 0.312653 0.950368 0.051164 0.087010
2 0.091146 0.580882 0.019914 0.081699
0 0.092678 0.598448 0.010723 0.036765
1 0.102175 0.586601 0.046875 0.094771
0 0.080882 0.430556 0.040441 0.053105
2 0.079963 0.441993 0.034926 0.097222
1 0.073683 0.437296 0.050551 0.114788
0 0.071691 0.585172 0.021446 0.051879
2 0.065717 0.582925 0.041973 0.067810
2 0.152420 0.154003 0.038909 0.103758
0 0.168045 0.136029 0.013787 0.028595
2 0.761336 0.501634 0.031250 0.101307
1 0.740809 0.505310 0.066176 0.113562
0 0.762561 0.641748 0.016544 0.069444
2 0.771140 0.656454 0.037377 0.097222
1 0.755821 0.663807 0.077819 0.108660
0 0.671262 0.582516 0.018995 0.026144
2 0.665748 0.578431 0.028799 0.035948
1 0.669118 0.587418 0.039216 0.050654
0 0.549939 0.024714 0.010417 0.048611
2 0.541360 0.031250 0.032475 0.061683
1 0.555147 0.060049 0.060049 0.110294
0 0.330116 0.935458 0.015012 0.030229
0 0.137868 0.214257 0.015319 0.080474
2 0.127451 0.222835 0.035539 0.097631
