0 0.447151 0.352328 0.032169 0.214461
2 0.467831 0.343546 0.076593 0.245915
1 0.429228 0.407475 0.150735 0.361520
0 0.894914 0.673407 0.030025 0.029820
2 0.895374 0.662786 0.029105 0.055147
1 0.884191 0.675041 0.051471 0.071487
2 0.643689 0.601307 0.043505 0.040850
1 0.649050 0.590686 0.060355 0.060458
2 0.782782 0.840482 0.058211 0.026552
1 0.781250 0.810253 0.064338 0.113154
0 0.656710 0.495098 0.014400 0.020425
2 0.649816 0.478962 0.030025 0.051062
1 0.660999 0.478758 0.056679 0.053105
0 0.806066 0.426266 0.011642 0.023284
2 0.797947 0.407271 0.019914 0.077614
1 0.814491 0.420139 0.053002 0.104984
0 0.634038 0.599877 0.021140 0.020016
0 0.775582 0.841299 0.040748 0.015931
0 0.253523 0.326593 0.005821 0.037990
2 0.260570 0.299224 0.021752 0.093546
1 0.247702 0.313930 0.047488 0.122958
0 0.279105 0.410131 0.010417 0.018791
2 0.275276 0.390523 0.019914 0.077614
1 0.289216 0.399918 0.047794 0.095588
