0 0.403952 0.415441 0.089767 0.396242
2 0.449449 0.402369 0.180760 0.506536
1 0.358303 0.495711 0.363051 0.675245
0 0.580882 0.483864 0.012868 0.059232
2 0.571385 0.494281 0.030637 0.077614
1 0.588695 0.492034 0.066483 0.126225
0 0.597733 0.347631 0.009804 0.035948
2 0.593597 0.344158 0.019914 0.046977
1 0.602635 0.357435 0.039828 0.069444
0 0.270680 0.365605 0.008272 0.028595
2 0.269608 0.350286 0.018382 0.055147
1 0.262561 0.360907 0.036765 0.082925
0 0.106464 0.202206 0.016850 0.049020
2 0.099877 0.216299 0.039216 0.067402
1 0.105239 0.195466 0.043811 0.084559
0 0.155025 0.229984 0.012255 0.062908
2 0.150429 0.238562 0.021446 0.080882
0 0.192555 0.017565 0.008885 0.034314
2 0.187653 0.025327 0.017463 0.048203
1 0.199908 0.036152 0.041973 0.069853
0 0.142310 0.447712 0.020527 0.061275
2 0.136642 0.456087 0.030637 0.078023
1 0.141391 0.472222 0.040748 0.109477
0 0.046722 0.481822 0.010110 0.038807
2 0.051011 0.490809 0.018076 0.052696
1 0.046109 0.497753 0.027880 0.069036
0 0.197151 0.649510 0.008885 0.065359
2 0.205423 0.640727 0.024203 0.098448
0 0.012561 0.712827 0.007353 0.031046
2 0.008272 0.706904 0.015931 0.056781
1 0.016085 0.711806 0.031556 0.065768
0 0.214001 0.824755 0.014400 0.053922
2 0.227328 0.820874 0.042892 0.093546
1 0.206342 0.826797 0.085478 0.104575
0 0.761183 0.617851 0.011949 0.025735
2 0.757966 0.601307 0.017157 0.076797
1 0.769455 0.616830 0.040135 0.107843
