0 0.656415 0.312376 0.060847 0.108383
2 0.669478 0.291295 0.089616 0.192212
1 0.602679 0.323785 0.217923 0.253224
0 0.934028 0.415303 0.067791 0.156994
2 0.950893 0.440476 0.098214 0.211806
0 0.433201 0.589906 0.030423 0.153026
2 0.513062 0.570685 0.195437 0.211806
0 0.387731 0.763517 0.071759 0.121776
2 0.333995 0.703497 0.179233 0.266617
1 0.434524 0.726314 0.380291 0.312252
0 0.179563 0.943204 0.035714 0.113591
2 0.203704 0.925719 0.086640 0.148562
1 0.130787 0.926215 0.235780 0.147569
0 0.023975 0.328993 0.024802 0.056796
2 0.039187 0.325273 0.057870 0.130208
