0 0.187665 0.124008 0.038690 0.186012
2 0.242394 0.127976 0.144841 0.235615
1 0.171958 0.154266 0.282407 0.286210
0 0.059854 0.576389 0.052249 0.159226
2 0.042659 0.598090 0.081349 0.202629
1 0.115575 0.641617 0.229828 0.287202
0 0.483466 0.604415 0.037037 0.086806
2 0.549603 0.539807 0.166667 0.218006
1 0.456680 0.549603 0.349868 0.237599
0 0.095569 0.459201 0.113095 0.129216
2 0.148644 0.473710 0.216601 0.160218
0 0.802579 0.329985 0.049603 0.203621
2 0.830026 0.327381 0.101852 0.332837
0 0.694940 0.661706 0.071759 0.077381
2 0.701885 0.613095 0.110119 0.176587
1 0.716270 0.758309 0.095238 0.204613
0 0.697090 0.780010 0.029101 0.122024
0 0.830026 0.861731 0.080026 0.103423
2 0.874339 0.879712 0.251323 0.137401
0 0.500661 0.235863 0.068783 0.160218
2 0.475198 0.248760 0.117063 0.186012
0 0.776786 0.270585 0.026455 0.083333
2 0.744544 0.264385 0.090939 0.143353
0 0.974537 0.037946 0.009921 0.045635
2 0.984458 0.036086 0.031085 0.058780
0 0.568452 0.010293 0.061508 0.020089
0 0.929233 0.031374 0.034392 0.062252
0 0.660218 0.011533 0.022156 0.022569
2 0.674934 0.028274 0.051587 0.056052
