0 0.137566 0.304439 0.033069 0.085565
2 0.151620 0.320188 0.086310 0.118552
0 0.015708 0.306672 0.029431 0.071677
2 0.026455 0.320188 0.048280 0.100198
0 0.015046 0.439608 0.019511 0.055308
0 0.358631 0.491195 0.020833 0.089534
2 0.339782 0.485987 0.058532 0.146577
0 0.121197 0.623884 0.018188 0.051835
0 0.169147 0.777530 0.030093 0.112103
2 0.124835 0.781498 0.118717 0.158234
0 0.432044 0.676959 0.024802 0.033978
2 0.446594 0.640873 0.053902 0.107143
1 0.414187 0.656002 0.118717 0.136409
0 0.624339 0.816716 0.092593 0.115079
2 0.551753 0.840154 0.240410 0.160466
0 0.309028 0.829117 0.067791 0.095734
0 0.588955 0.439484 0.023148 0.078373
2 0.599372 0.440476 0.047288 0.114583
0 0.532242 0.467882 0.020833 0.071181
2 0.526620 0.475198 0.045966 0.086806
0 0.611938 0.299355 0.025463 0.058532
0 0.672288 0.372644 0.027778 0.060764
0 0.638228 0.456845 0.023810 0.073909
2 0.645007 0.472718 0.040675 0.103175
1 0.674934 0.494544 0.099206 0.148313
0 0.881614 0.340402 0.055556 0.096974
2 0.857308 0.355159 0.107474 0.123016
0 0.891865 0.544767 0.051587 0.072669
0 0.958829 0.172247 0.035384 0.051339
2 0.970899 0.180308 0.058201 0.069940
0 0.985615 0.357639 0.028770 0.072917
0 0.240079 0.119420 0.015212 0.048859
2 0.232639 0.124008 0.028770 0.057044
0 0.682540 0.264633 0.015873 0.050595
0 0.769676 0.232887 0.018849 0.047619
0 0.278604 0.714906 0.037368 0.042907
0 0.727183 0.600074 0.014550 0.048363
2 0.735450 0.594370 0.029762 0.063244
0 0.793651 0.530878 0.023810 0.047867
2 0.805060 0.539559 0.046627 0.065228
0 0.811673 0.115451 0.018188 0.052827
0 0.273313 0.395461 0.030754 0.098462
2 0.256283 0.409226 0.063492 0.125992
1 0.242725 0.431672 0.093254 0.170883
