0 0.980655 0.251612 0.038690 0.096478
2 0.964451 0.248512 0.071098 0.115079
0 0.355489 0.557540 0.066138 0.111607
2 0.395337 0.537202 0.145833 0.179067
0 0.542824 0.829737 0.075066 0.064236
2 0.610780 0.784598 0.214286 0.164435
0 0.609292 0.507937 0.051918 0.120536
2 0.653274 0.484003 0.141204 0.171875
1 0.602844 0.523438 0.243386 0.250744
0 0.800595 0.538070 0.027116 0.100942
2 0.861772 0.527778 0.152778 0.127976
0 0.192130 0.921255 0.064153 0.155010
2 0.158234 0.909474 0.129960 0.181052
0 0.019676 0.127108 0.036045 0.145089
0 0.072917 0.054688 0.024140 0.102431
2 0.090774 0.065724 0.057870 0.124504
0 0.212798 0.193080 0.020833 0.077133
2 0.200893 0.200149 0.041997 0.095734
0 0.685847 0.353423 0.038360 0.067460
