0 0.247685 0.164559 0.059524 0.184772
2 0.181217 0.184524 0.191138 0.227183
0 0.069610 0.186508 0.051918 0.040675
2 0.068948 0.132192 0.056548 0.147321
1 0.135086 0.137649 0.188823 0.161210
0 0.342593 0.212550 0.038360 0.116071
0 0.447917 0.492932 0.069114 0.180804
2 0.346561 0.428695 0.271825 0.337550
1 0.497685 0.488467 0.571429 0.456101
0 0.332176 0.137525 0.079696 0.052827
2 0.332672 0.111607 0.080688 0.104663
0 0.039517 0.558284 0.040013 0.114583
2 0.084325 0.562500 0.158069 0.173611
0 0.949239 0.780630 0.101521 0.133681
