0 0.714120 0.299851 0.040675 0.128472
2 0.749008 0.279266 0.111772 0.169643
1 0.710813 0.302455 0.190146 0.216022
0 0.499008 0.393229 0.033069 0.101935
2 0.509259 0.418527 0.054894 0.148065
0 0.339451 0.523313 0.042659 0.116567
2 0.383433 0.533234 0.129299 0.136409
0 0.768353 0.468750 0.046627 0.073909
2 0.762235 0.482887 0.058862 0.103175
1 0.735615 0.503100 0.113426 0.141617
0 0.362765 0.824405 0.020503 0.057044
2 0.339782 0.835317 0.067791 0.078869
0 0.940311 0.612723 0.046627 0.085565
2 0.948082 0.645957 0.060847 0.155506
0 0.769015 0.643477 0.073743 0.076141
0 0.768849 0.676711 0.066138 0.047867
0 0.266534 0.646825 0.029101 0.065972
0 0.340939 0.457341 0.044312 0.124504
2 0.295470 0.467262 0.135251 0.144345
0 0.693452 0.775918 0.045635 0.113343
2 0.709987 0.796255 0.071429 0.147073
0 0.495370 0.945312 0.017857 0.051835
2 0.472057 0.937872 0.067791 0.096974
1 0.503638 0.917039 0.133598 0.151042
0 0.944444 0.864707 0.032407 0.077629
2 0.919974 0.852555 0.087302 0.122272
1 0.451885 0.444444 0.168320 0.197917
0 0.109623 0.300595 0.019511 0.034722
2 0.090278 0.272817 0.057540 0.110119
1 0.115079 0.282862 0.108466 0.132192
0 0.882771 0.044767 0.022156 0.049851
2 0.871197 0.051959 0.046627 0.078125
0 0.178406 0.179191 0.019511 0.053323
2 0.202050 0.185144 0.064153 0.065228
