0 0.440228 0.468915 0.043155 0.299603
2 0.468254 0.402778 0.099206 0.485450
1 0.403026 0.458829 0.231151 0.599537
0 0.290675 0.858300 0.020833 0.133267
2 0.279018 0.783730 0.060020 0.280423
1 0.308656 0.812500 0.119296 0.327381
0 0.665923 0.773975 0.023810 0.094907
2 0.650298 0.719246 0.064980 0.208995
0 0.913194 0.598545 0.028770 0.074735
2 0.939112 0.599702 0.079117 0.079034
0 0.819940 0.678571 0.023313 0.059524
2 0.834325 0.646164 0.052083 0.126984
1 0.809524 0.673280 0.103175 0.185847
0 0.132316 0.822751 0.031994 0.093915
2 0.152282 0.825397 0.071925 0.090608
1 0.149058 0.799272 0.076885 0.140873
