0 0.356978 0.463914 0.011574 0.046875
2 0.371032 0.457837 0.037698 0.062004
1 0.340443 0.466890 0.099537 0.078125
0 0.530919 0.397073 0.014220 0.036706
2 0.535053 0.406126 0.025132 0.054812
0 0.147817 0.636285 0.027116 0.102927
2 0.180060 0.649926 0.094246 0.130208
1 0.137731 0.662822 0.181548 0.156498
0 0.109623 0.455605 0.031415 0.048115
2 0.084821 0.459573 0.081019 0.065476
0 0.495040 0.357267 0.013228 0.029514
2 0.485615 0.360367 0.033399 0.036210
1 0.501157 0.363467 0.059854 0.041915
0 0.649636 0.432416 0.012235 0.034970
2 0.634094 0.435640 0.043320 0.042411
1 0.637897 0.442832 0.050926 0.054812
0 0.584491 0.786830 0.021495 0.062748
2 0.556713 0.786706 0.078373 0.085813
1 0.584656 0.794147 0.132937 0.101190
0 0.424769 0.705605 0.038029 0.089782
2 0.433036 0.712178 0.059854 0.103423
1 0.400463 0.722718 0.127646 0.124008
0 0.631283 0.823413 0.018519 0.052083
0 0.449901 0.351811 0.009590 0.033978
2 0.444114 0.351811 0.019841 0.034474
1 0.437831 0.362227 0.036376 0.054812
2 0.521164 0.411830 0.053571 0.065228
0 0.577546 0.463294 0.006283 0.019345
2 0.581184 0.464782 0.011574 0.023313
0 0.821594 0.465154 0.022817 0.060764
2 0.828373 0.472718 0.051587 0.074405
1 0.800761 0.483631 0.106812 0.096230
0 0.739253 0.592386 0.008267 0.038938
2 0.745205 0.595362 0.030754 0.050347
0 0.646991 0.511905 0.015542 0.053075
2 0.669312 0.508557 0.060185 0.059772
1 0.644015 0.514757 0.112765 0.072173
0 0.551257 0.562500 0.011243 0.039683
2 0.542659 0.559772 0.028439 0.057540
1 0.531250 0.572545 0.051257 0.083085
0 0.625992 0.604043 0.021164 0.024058
2 0.619048 0.592510 0.035053 0.058532
0 0.562665 0.636285 0.004299 0.020585
2 0.560681 0.636161 0.005622 0.020833
1 0.557209 0.639633 0.015873 0.027282
0 0.292163 0.352555 0.020172 0.033978
2 0.289683 0.352803 0.026455 0.043899
1 0.276290 0.359499 0.053902 0.056300
0 0.242394 0.359127 0.007275 0.026786
2 0.231647 0.359871 0.029431 0.037202
0 0.253803 0.525298 0.039352 0.022321
2 0.240079 0.522197 0.068122 0.041419
0 0.244213 0.831721 0.022156 0.016617
2 0.265542 0.810144 0.064153 0.059772
0 0.359292 0.895089 0.031415 0.060516
2 0.386409 0.891865 0.087632 0.080853
0 0.361111 0.952257 0.028439 0.020585
2 0.352183 0.947173 0.046296 0.040179
0 0.526124 0.826265 0.025132 0.058284
2 0.537698 0.826513 0.049603 0.058780
1 0.510913 0.838170 0.103836 0.081101
0 0.487765 0.947173 0.028439 0.033730
2 0.462136 0.949529 0.079034 0.060764
0 0.757771 0.796999 0.030093 0.079613
2 0.745536 0.800099 0.053902 0.097222
1 0.728671 0.811260 0.086971 0.119048
0 0.677083 0.753472 0.024140 0.058036
2 0.678075 0.763765 0.034061 0.080109
1 0.616071 0.819940 0.049603 0.069444
0 0.207011 0.829117 0.036376 0.079861
2 0.196263 0.832961 0.058532 0.088046
0 0.139716 0.735491 0.018188 0.056300
2 0.156581 0.741567 0.051918 0.068948
0 0.217758 0.917907 0.024140 0.049107
2 0.203704 0.927331 0.052910 0.067956
0 0.028108 0.971478 0.021825 0.039187
2 0.040675 0.968998 0.046958 0.044147
0 0.172454 0.792163 0.014220 0.052579
2 0.152612 0.800967 0.053902 0.070188
0 0.120205 0.316964 0.034061 0.048611
0 0.203869 0.422247 0.005622 0.052827
2 0.224537 0.422743 0.046296 0.053819
0 0.069775 0.507192 0.029762 0.043651
2 0.089120 0.507812 0.068452 0.046379
0 0.175099 0.455481 0.023479 0.052331
2 0.151290 0.452753 0.072421 0.093006
1 0.166005 0.464534 0.101190 0.115079
0 0.329200 0.572545 0.014220 0.040923
0 0.338128 0.551339 0.015542 0.044147
2 0.335813 0.560640 0.027447 0.062252
0 0.385747 0.381324 0.006944 0.030506
0 0.006779 0.515997 0.012897 0.104415
2 0.029101 0.530258 0.054894 0.131944
0 0.138228 0.569196 0.074074 0.069444
0 0.388393 0.628844 0.016204 0.048859
2 0.370701 0.621280 0.049603 0.064980
0 0.313327 0.652406 0.017526 0.037946
2 0.289187 0.641369 0.066468 0.076885
