0 0.165675 0.725818 0.026455 0.040427
2 0.190642 0.720982 0.076389 0.051587
0 0.277447 0.786706 0.019841 0.049603
0 0.232474 0.880828 0.014550 0.044891
0 0.503307 0.826017 0.021825 0.051339
2 0.533069 0.812748 0.082011 0.079861
0 0.459325 0.934896 0.027778 0.051339
2 0.438988 0.930432 0.067791 0.078125
0 0.469081 0.846974 0.055886 0.115079
2 0.499669 0.863219 0.117063 0.148562
0 0.621032 0.816840 0.042328 0.096974
2 0.640212 0.837550 0.080688 0.138393
1 0.209821 0.868428 0.061177 0.068204
0 0.415179 0.977059 0.034722 0.045883
0 0.707672 0.657242 0.023148 0.053571
2 0.766700 0.663194 0.140542 0.065476
0 0.612434 0.632812 0.028439 0.072669
2 0.601687 0.651786 0.062500 0.109127
0 0.850694 0.813988 0.014881 0.061508
2 0.873016 0.800471 0.061508 0.096478
1 0.825728 0.818824 0.159392 0.132688
1 0.629795 0.825645 0.116733 0.203373
0 0.982639 0.574529 0.034722 0.024554
0 0.319940 0.687252 0.010251 0.025794
2 0.313657 0.689980 0.024802 0.031250
