2 0.606151 0.520957 0.246032 0.251736
0 0.541997 0.827753 0.080688 0.058284
2 0.202546 0.202381 0.061839 0.093750
0 0.212302 0.194444 0.039683 0.077381
0 0.651951 0.485615 0.156415 0.181052
0 0.018684 0.131820 0.036045 0.156002
0 0.070933 0.058656 0.019511 0.107391
1 0.090112 0.069444 0.079696 0.128968
0 0.812831 0.039931 0.041005 0.077381
1 0.869378 0.086930 0.192460 0.171379
0 0.981316 0.257564 0.037368 0.101438
2 0.960483 0.255456 0.079034 0.108631
0 0.350364 0.560640 0.059193 0.110863
2 0.394180 0.530754 0.154762 0.172123
2 0.609623 0.779886 0.215939 0.158482
1 0.557540 0.756572 0.320106 0.272073
0 0.802579 0.540551 0.022487 0.096974
2 0.871197 0.543155 0.161706 0.170635
0 0.731647 0.655506 0.088294 0.080357
0 0.328538 0.905382 0.027447 0.059276
0 0.186508 0.920387 0.068122 0.145833
2 0.155423 0.909350 0.130291 0.169395
