0 0.117063 0.531374 0.025132 0.064236
0 0.428571 0.545015 0.064815 0.124256
2 0.459821 0.551339 0.137235 0.146825
1 0.352348 0.574281 0.352183 0.193700
0 0.186177 0.691344 0.033069 0.071181
2 0.158896 0.695809 0.086310 0.079613
0 0.496362 0.693328 0.096561 0.083085
2 0.464782 0.654638 0.158399 0.160466
0 0.455522 0.763765 0.040675 0.119296
2 0.406415 0.781250 0.138889 0.154266
0 0.232474 0.929191 0.047619 0.053819
0 0.271660 0.529886 0.009590 0.025546
2 0.278604 0.531498 0.024140 0.028274
0 0.213790 0.533110 0.014881 0.030010
2 0.210317 0.537450 0.023148 0.039683
0 0.055060 0.394221 0.019511 0.028522
0 0.061839 0.414931 0.005291 0.018353
0 0.066799 0.414931 0.006614 0.018353
0 0.519015 0.382440 0.017526 0.047123
0 0.498843 0.325025 0.017526 0.048859
0 0.559358 0.521577 0.012235 0.035218
0 0.732639 0.532738 0.017526 0.046627
2 0.740410 0.528398 0.033730 0.052827
1 0.733796 0.547743 0.046296 0.090526
0 0.641204 0.575149 0.008598 0.018353
2 0.644180 0.576637 0.014550 0.021329
0 0.602513 0.644965 0.004630 0.018105
2 0.604497 0.649306 0.010582 0.026786
0 0.558036 0.632068 0.015542 0.033978
2 0.553241 0.637401 0.045635 0.042659
0 0.621528 0.666791 0.010251 0.026042
2 0.640873 0.653398 0.050265 0.057788
0 0.637897 0.706225 0.011243 0.040427
2 0.628638 0.710069 0.029101 0.046627
1 0.640873 0.715526 0.053571 0.057044
0 0.749339 0.656250 0.017857 0.019345
2 0.765873 0.659350 0.052910 0.025546
0 0.804067 0.747644 0.060516 0.030506
2 0.786210 0.736855 0.097553 0.075893
