0 0.741733 0.350198 0.082672 0.084821
2 0.739749 0.311384 0.109127 0.199653
1 0.724537 0.361483 0.216270 0.295387
0 0.666005 0.348586 0.099206 0.228423
2 0.792163 0.391989 0.354167 0.315228
0 0.503472 0.332093 0.024802 0.087798
2 0.508929 0.308284 0.080026 0.187004
0 0.345734 0.360987 0.078373 0.129216
2 0.320106 0.366691 0.151455 0.142609
1 0.351852 0.375992 0.217593 0.169643
0 0.258267 0.339286 0.080026 0.245040
2 0.232804 0.391989 0.133598 0.350446
0 0.081845 0.886409 0.043981 0.150794
2 0.076389 0.847718 0.115741 0.250992
0 0.481978 0.616195 0.125331 0.118800
2 0.424272 0.636285 0.246693 0.155010
0 0.877480 0.563492 0.169643 0.133433
0 0.710813 0.788814 0.064484 0.079613
0 0.014220 0.621900 0.027778 0.068204
2 0.024636 0.631696 0.040013 0.085813
0 0.864418 0.686508 0.113095 0.181052
2 0.888558 0.712426 0.158730 0.230407
