0 0.039187 0.274182 0.014220 0.045883
2 0.022983 0.259053 0.045304 0.075149
1 0.068287 0.267237 0.134590 0.091022
0 0.086971 0.450521 0.026455 0.072669
0 0.218915 0.477431 0.018519 0.076885
2 0.245536 0.478795 0.073082 0.118800
0 0.461971 0.508929 0.017196 0.063492
0 0.573247 0.428075 0.028770 0.107639
2 0.597057 0.435640 0.076389 0.145585
1 0.567295 0.456225 0.137235 0.188740
0 0.677249 0.413194 0.025132 0.072917
2 0.687996 0.419147 0.047950 0.097718
0 0.405919 0.545139 0.063161 0.063492
2 0.359458 0.568452 0.154762 0.111607
0 0.815146 0.279886 0.025132 0.050843
2 0.847388 0.290055 0.087632 0.069196
0 0.912368 0.290303 0.035053 0.083581
2 0.893188 0.301339 0.072090 0.105655
1 0.907407 0.317584 0.099868 0.138145
