0 0.064484 0.605159 0.038360 0.031250
2 0.053075 0.582465 0.063161 0.078621
1 0.075893 0.588170 0.106812 0.085565
0 0.176422 0.717014 0.043320 0.045635
2 0.159722 0.724578 0.076720 0.060764
0 0.156415 0.689360 0.029101 0.053323
0 0.297288 0.680680 0.009921 0.029514
2 0.290509 0.680680 0.026786 0.029514
0 0.365079 0.638021 0.012566 0.037946
2 0.359623 0.641865 0.025463 0.045635
0 0.249339 0.785838 0.020503 0.043403
0 0.200728 0.889261 0.017857 0.045387
2 0.177910 0.882316 0.063492 0.072669
0 0.494048 0.825397 0.020503 0.052579
2 0.525132 0.822173 0.081349 0.095734
0 0.458168 0.858011 0.059854 0.129712
2 0.492394 0.874876 0.128968 0.159474
0 0.448082 0.947545 0.044312 0.050347
2 0.431548 0.945933 0.078042 0.093750
0 0.728009 0.627480 0.022156 0.064484
2 0.791667 0.631820 0.152778 0.073165
0 0.617063 0.608383 0.024471 0.081845
2 0.604001 0.626984 0.065807 0.119048
0 0.839286 0.786334 0.009921 0.036954
2 0.811177 0.769593 0.065476 0.071925
0 0.891369 0.749380 0.020833 0.038442
2 0.849537 0.725942 0.107143 0.084821
0 0.632440 0.807540 0.053902 0.112599
2 0.658896 0.825521 0.106812 0.147569
0 0.741237 0.595486 0.004960 0.014385
0 0.669808 0.602183 0.012897 0.024306
2 0.662368 0.604787 0.044974 0.041915
0 0.883102 0.807788 0.021495 0.073909
2 0.910218 0.792535 0.079034 0.119792
1 0.856316 0.812748 0.187500 0.159226
