0 0.972346 0.142526 0.047867 0.182540
2 0.967014 0.139220 0.065972 0.231481
1 0.953001 0.166501 0.093998 0.290013
0 0.873512 0.049769 0.031250 0.098876
2 0.866319 0.073247 0.048611 0.143849
1 0.901042 0.107804 0.120040 0.208995
0 0.403150 0.438657 0.050347 0.336971
2 0.436756 0.420966 0.117560 0.376323
1 0.379092 0.468419 0.231399 0.469246
0 0.455481 0.787368 0.012649 0.091931
2 0.472718 0.773479 0.047123 0.215608
1 0.437128 0.797619 0.116815 0.259259
0 0.360367 0.842923 0.035218 0.123677
2 0.370660 0.846065 0.054315 0.170966
1 0.353547 0.855159 0.090526 0.227513
0 0.272197 0.479167 0.017609 0.091931
2 0.268725 0.483300 0.042411 0.117394
0 0.170511 0.093585 0.028026 0.080026
2 0.176463 0.093585 0.039931 0.118386
0 0.078249 0.418816 0.055308 0.101521
