2 0.741898 0.314360 0.104828 0.183284
2 0.238922 0.400298 0.135251 0.350198
0 0.874173 0.546007 0.159722 0.176835
2 0.083168 0.848214 0.154431 0.258433
2 0.443452 0.638517 0.161376 0.167411
0 0.256118 0.369792 0.078373 0.289187
0 0.337302 0.345982 0.050926 0.088790
2 0.333333 0.364087 0.100529 0.125000
1 0.371858 0.384301 0.188823 0.167411
0 0.507606 0.291791 0.054894 0.145585
0 0.739749 0.354291 0.072751 0.103423
1 0.704696 0.315972 0.184524 0.186012
0 0.705192 0.793031 0.075728 0.081597
0 0.081845 0.885417 0.041336 0.148810
