2 0.239583 0.559400 0.155754 0.193204
2 0.498677 0.535094 0.097884 0.158978
2 0.832672 0.641493 0.261905 0.289435
2 0.874008 0.215774 0.248677 0.285218
0 0.311177 0.732019 0.070106 0.093998
0 0.287037 0.536582 0.063492 0.143601
0 0.526124 0.556300 0.048280 0.089782
0 0.751488 0.611111 0.102183 0.226190
0 0.969411 0.185888 0.061177 0.227431
0 0.679233 0.481275 0.048280 0.155010
0 0.772817 0.396577 0.037037 0.113591
2 0.654266 0.502480 0.094907 0.199405
1 0.681878 0.548983 0.155423 0.290427
0 0.555721 0.335069 0.088294 0.185020
1 0.601852 0.324405 0.183201 0.409226
0 0.156911 0.409598 0.037368 0.104415
0 0.092097 0.853423 0.153108 0.122024
2 0.121032 0.818328 0.218915 0.194196
