2 0.706680 0.623884 0.296296 0.165427
1 0.384094 0.402654 0.241071 0.450645
2 0.426918 0.733011 0.249339 0.278026
1 0.828538 0.101811 0.258929 0.203125
0 0.794974 0.649306 0.114418 0.110615
1 0.761739 0.538194 0.406415 0.413194
0 0.407573 0.456597 0.125331 0.214782
0 0.498677 0.791295 0.048280 0.130208
0 0.619048 0.904142 0.165344 0.167411
0 0.316138 0.045759 0.033069 0.090030
2 0.289848 0.058160 0.085648 0.114831
0 0.837632 0.118180 0.037037 0.168403
2 0.889881 0.104167 0.144841 0.202381
0 0.654266 0.118676 0.073082 0.233383
0 0.969411 0.266989 0.061177 0.104415
2 0.968089 0.204365 0.063823 0.233631
