0 0.424355 0.383102 0.057540 0.322421
2 0.359127 0.357474 0.189484 0.433201
1 0.448785 0.397487 0.368800 0.513228
0 0.227431 0.373181 0.064980 0.044643
2 0.233135 0.348710 0.077381 0.095569
1 0.248512 0.353505 0.108135 0.107804
0 0.126364 0.406581 0.036954 0.023479
2 0.129836 0.371362 0.043899 0.095899
0 0.413070 0.795800 0.023065 0.077712
2 0.381324 0.813823 0.088046 0.113757
1 0.403274 0.802083 0.134425 0.136574
0 0.678075 0.617560 0.038690 0.058532
2 0.685268 0.533069 0.066468 0.224206
1 0.672867 0.579200 0.090774 0.314484
0 0.710938 0.756614 0.031002 0.053571
2 0.684648 0.766369 0.084077 0.083003
1 0.703001 0.802249 0.123264 0.154762
0 0.943328 0.976190 0.052827 0.038360
2 0.957713 0.944775 0.083085 0.101190
0 0.886037 0.852183 0.026042 0.024471
2 0.880332 0.848710 0.037450 0.046627
1 0.920015 0.860284 0.118304 0.073082
