1 0.099041 0.502356 0.194114 0.199653
1 0.648148 0.616443 0.201058 0.177331
0 0.282903 0.646701 0.060516 0.163442
0 0.782242 0.628224 0.059193 0.161210
0 0.591104 0.615699 0.034722 0.053323
2 0.577546 0.592014 0.060516 0.128472
0 0.636409 0.271205 0.069114 0.109375
2 0.607639 0.281002 0.130622 0.193452
1 0.649967 0.330481 0.213294 0.296875
0 0.313823 0.312376 0.029101 0.126240
2 0.275463 0.313368 0.107804 0.131200
1 0.296958 0.313368 0.152778 0.132688
0 0.071759 0.479663 0.041005 0.122520
2 0.123181 0.473214 0.145833 0.141369
0 0.646991 0.692336 0.063161 0.143601
0 0.701554 0.691716 0.026124 0.113095
2 0.721065 0.669395 0.065146 0.163194
2 0.843089 0.615451 0.186839 0.182292
2 0.276951 0.445188 0.054563 0.111607
1 0.122354 0.401290 0.093254 0.161210
0 0.127149 0.665799 0.075728 0.132688
