0 0.409970 0.322917 0.055556 0.256944
2 0.353299 0.359788 0.203621 0.333333
0 0.508681 0.082672 0.022321 0.126323
2 0.519345 0.080853 0.043651 0.161045
1 0.486483 0.098876 0.110367 0.188492
0 0.573537 0.079365 0.015129 0.128968
2 0.589410 0.098380 0.056300 0.180886
0 0.586806 0.317460 0.072421 0.201720
2 0.520337 0.259094 0.204365 0.371362
1 0.625372 0.299272 0.417411 0.451720
0 0.774926 0.954696 0.035466 0.037037
2 0.839658 0.911706 0.165923 0.126984
1 0.781002 0.912368 0.284226 0.126984
0 0.496280 0.970734 0.031746 0.042659
2 0.470486 0.949074 0.082341 0.101852
