0 0.358259 0.337798 0.034474 0.291336
2 0.271577 0.351687 0.212798 0.423611
1 0.323165 0.400132 0.320933 0.522487
0 0.019097 0.018849 0.026290 0.035053
2 0.029514 0.034888 0.058532 0.065146
1 0.045015 0.052414 0.089534 0.100198
0 0.780010 0.301257 0.010417 0.053571
2 0.783234 0.282573 0.036706 0.109458
1 0.774306 0.313988 0.053571 0.172288
0 0.845114 0.533399 0.017113 0.054894
2 0.863343 0.491402 0.054563 0.147487
1 0.851438 0.499835 0.078869 0.164352
0 0.810764 0.572751 0.015873 0.047619
2 0.793031 0.569940 0.051339 0.068452
0 0.879340 0.507110 0.023065 0.106151
2 0.893973 0.527282 0.053819 0.145172
