2 0.766700 0.659226 0.136574 0.090774
2 0.631118 0.834325 0.106151 0.130456
0 0.080522 0.588542 0.024140 0.058532
1 0.290675 0.773562 0.205026 0.090774
2 0.499504 0.867188 0.114749 0.146081
0 0.710648 0.661706 0.026455 0.057540
0 0.609292 0.637525 0.041336 0.081101
2 0.605489 0.652778 0.071429 0.111607
0 0.620205 0.815104 0.046627 0.089038
0 0.851852 0.813864 0.021825 0.058780
2 0.873181 0.802703 0.068452 0.096974
1 0.830192 0.813988 0.155754 0.120536
0 0.980655 0.577009 0.038690 0.038938
0 0.500331 0.825025 0.021825 0.051339
2 0.528108 0.810020 0.083333 0.099206
0 0.472884 0.850570 0.060185 0.113839
0 0.458168 0.935144 0.032077 0.054315
2 0.439484 0.935392 0.066799 0.080605
0 0.281581 0.786086 0.021495 0.046875
2 0.241402 0.786830 0.103836 0.048363
0 0.233796 0.883557 0.027116 0.052331
2 0.211971 0.884425 0.072090 0.099206
0 0.412368 0.977679 0.035053 0.044643
2 0.093750 0.591642 0.051918 0.065228
1 0.119874 0.599330 0.103505 0.083581
0 0.167989 0.729167 0.017196 0.035218
2 0.193452 0.723090 0.075397 0.051835
0 0.320602 0.688244 0.013558 0.026290
2 0.314484 0.693328 0.027116 0.036458
0 0.740410 0.938616 0.026455 0.058284
