2 0.186012 0.650794 0.106151 0.131448
1 0.813492 0.474702 0.137566 0.123016
1 0.397817 0.723462 0.125000 0.127976
2 0.387731 0.912326 0.090939 0.103423
0 0.739087 0.586186 0.011905 0.035962
1 0.522983 0.409722 0.052579 0.066964
1 0.643849 0.430184 0.066138 0.065228
1 0.344081 0.466518 0.095569 0.080357
1 0.588624 0.788070 0.131614 0.095982
0 0.153935 0.181176 0.013558 0.038938
2 0.170800 0.182044 0.047950 0.042659
1 0.154927 0.190848 0.079696 0.061756
0 0.117725 0.240699 0.014550 0.029514
2 0.120205 0.242063 0.020172 0.033730
0 0.002315 0.104167 0.003968 0.065476
0 0.123843 0.316592 0.036706 0.052827
0 0.108631 0.459945 0.034061 0.044891
2 0.086310 0.462674 0.077381 0.062748
0 0.292989 0.352059 0.019841 0.031498
2 0.288360 0.352307 0.027778 0.043403
1 0.277282 0.359251 0.051257 0.058284
0 0.181548 0.442956 0.030423 0.067460
2 0.155258 0.453621 0.082341 0.088790
2 0.234127 0.364335 0.025794 0.038690
0 0.355820 0.465526 0.011905 0.047619
2 0.370370 0.462054 0.042328 0.070933
0 0.252976 0.528274 0.042989 0.026290
2 0.239749 0.523065 0.071429 0.042659
0 0.069775 0.504340 0.029762 0.041419
0 0.144345 0.637649 0.022156 0.106647
1 0.140377 0.663194 0.196759 0.157738
0 0.147817 0.733259 0.007275 0.036458
2 0.142030 0.738839 0.019511 0.061508
1 0.158069 0.747024 0.051587 0.076389
0 0.427579 0.700893 0.032407 0.083333
2 0.427083 0.711682 0.065807 0.106399
2 0.747520 0.594122 0.029431 0.051835
0 0.328373 0.575521 0.013228 0.043403
2 0.335152 0.569568 0.029431 0.061260
0 0.313823 0.646949 0.013889 0.042411
2 0.288194 0.642361 0.065146 0.077877
0 0.647487 0.513641 0.012566 0.050099
2 0.670139 0.508061 0.057870 0.063740
1 0.644015 0.514013 0.112103 0.074157
0 0.561508 0.642361 0.011905 0.028274
0 0.531415 0.399926 0.012566 0.039435
2 0.534557 0.404018 0.026124 0.052579
0 0.438988 0.356275 0.010913 0.039931
1 0.437335 0.363219 0.038029 0.055308
0 0.496032 0.355779 0.011243 0.027530
2 0.488757 0.358383 0.026455 0.032738
1 0.507110 0.359127 0.061839 0.033234
0 0.578208 0.463790 0.004960 0.017857
2 0.580192 0.464906 0.016204 0.024058
0 0.627315 0.602183 0.023810 0.024306
2 0.624173 0.601066 0.031415 0.027530
0 0.587632 0.783854 0.019180 0.059772
2 0.559854 0.780754 0.075397 0.083829
0 0.677249 0.753348 0.024471 0.053323
2 0.676918 0.763641 0.037698 0.084821
0 0.630291 0.822917 0.019180 0.055060
0 0.529927 0.820809 0.022817 0.061756
2 0.516865 0.812872 0.047619 0.083085
1 0.499669 0.824033 0.081349 0.105407
0 0.361442 0.895709 0.031746 0.061260
0 0.272487 0.804191 0.055556 0.050347
2 0.256614 0.814980 0.087302 0.074901
0 0.205192 0.828125 0.043981 0.074901
2 0.196263 0.832093 0.061839 0.083333
0 0.220073 0.917659 0.024140 0.042163
2 0.203208 0.922867 0.058532 0.052579
0 0.753142 0.800967 0.037368 0.081597
2 0.745040 0.804315 0.055556 0.100198
2 0.042824 0.970362 0.047950 0.048363
0 0.028604 0.973958 0.021495 0.039187
