0 0.650888 0.267974 0.096507 0.419935
2 0.680913 0.286356 0.153493 0.530229
1 0.584865 0.396038 0.345588 0.747141
0 0.818168 0.178922 0.034620 0.048203
2 0.821691 0.172590 0.044730 0.066585
0 0.744638 0.038807 0.014400 0.066993
2 0.757659 0.044322 0.039828 0.080474
0 0.266697 0.613562 0.057904 0.184641
2 0.292126 0.601716 0.100797 0.224673
1 0.272825 0.640114 0.140012 0.298203
0 0.482537 0.637459 0.012255 0.060866
2 0.489890 0.634395 0.030025 0.085784
1 0.472733 0.639706 0.066176 0.095588
0 0.250919 0.181985 0.015931 0.060049
2 0.263480 0.163399 0.039828 0.096405
1 0.240196 0.176471 0.088235 0.128268
0 0.170650 0.047590 0.017157 0.066585
2 0.172641 0.040645 0.031556 0.080474
1 0.165594 0.066176 0.045650 0.127451
