0 0.504749 0.513685 0.041360 0.157271
2 0.523897 0.348243 0.076593 0.447304
1 0.458793 0.369690 0.203738 0.518791
0 0.208640 0.676879 0.020833 0.065359
2 0.219975 0.666054 0.044118 0.065768
1 0.221814 0.681168 0.049632 0.094363
0 0.154105 0.507149 0.011029 0.067402
2 0.150123 0.507353 0.031250 0.065359
1 0.146906 0.524918 0.038909 0.098856
0 0.263634 0.312092 0.016850 0.092320
2 0.234988 0.312704 0.074755 0.093546
1 0.249387 0.321895 0.105392 0.112745
0 0.156097 0.155842 0.028493 0.083742
2 0.157629 0.152982 0.040748 0.129493
0 0.779412 0.654208 0.016544 0.030637
2 0.791820 0.633987 0.033395 0.084150
1 0.760570 0.634600 0.097733 0.087010
