0 0.604473 0.192606 0.056985 0.384395
2 0.514246 0.230801 0.241115 0.453431
1 0.574908 0.337214 0.361213 0.673611
0 0.743260 0.827206 0.018995 0.126634
2 0.743566 0.793913 0.045956 0.185049
1 0.715993 0.823529 0.101103 0.244281
0 0.695312 0.698529 0.093444 0.081699
2 0.711550 0.649918 0.133272 0.195261
0 0.855086 0.492647 0.015931 0.053922
2 0.829350 0.452410 0.070466 0.140931
1 0.862898 0.469363 0.135110 0.173203
0 0.774510 0.249183 0.023897 0.099673
2 0.766544 0.219771 0.039216 0.169118
1 0.798713 0.233047 0.102941 0.195670
0 0.994485 0.354984 0.011029 0.071895
2 0.978554 0.319240 0.041054 0.145833
1 0.965839 0.356822 0.067096 0.217729
