0 0.288525 0.387277 0.060516 0.130208
2 0.894676 0.218378 0.060516 0.083581
0 0.787202 0.469494 0.043981 0.038194
0 0.634259 0.314484 0.063492 0.089782
2 0.608300 0.319196 0.124008 0.124008
0 0.202381 0.417783 0.017857 0.067212
2 0.199570 0.421999 0.061839 0.083581
0 0.781085 0.323289 0.023148 0.070188
0 0.712963 0.310268 0.032407 0.083829
2 0.689319 0.319320 0.081019 0.106399
0 0.785880 0.420263 0.032077 0.052331
0 0.847553 0.339286 0.048942 0.115079
0 0.468254 0.451017 0.039021 0.081101
0 0.888062 0.214286 0.035384 0.066468
1 0.919643 0.232019 0.110450 0.113343
2 0.337136 0.404142 0.118056 0.183780
0 0.926091 0.537946 0.013558 0.148313
2 0.924107 0.538566 0.042659 0.154018
1 0.949405 0.547619 0.099206 0.181052
0 0.945933 0.515129 0.040013 0.090278
0 0.659722 0.564856 0.066799 0.084573
0 0.175595 0.723710 0.122354 0.140873
2 0.120701 0.756200 0.230820 0.205853
0 0.508267 0.640625 0.016534 0.036706
