0 0.403186 0.441483 0.017157 0.036765
2 0.423611 0.304994 0.106209 0.310355
1 0.495302 0.321232 0.243056 0.321998
0 0.188317 0.349571 0.022876 0.028186
2 0.165441 0.285999 0.073529 0.152267
1 0.230392 0.278033 0.207516 0.163297
0 0.860907 0.148131 0.086193 0.163909
2 0.909109 0.161458 0.181781 0.189338
1 0.845180 0.169271 0.308007 0.211703
0 0.761438 0.204657 0.061275 0.136029
2 0.834967 0.208027 0.211601 0.141544
1 0.834763 0.225031 0.212010 0.181066
0 0.664216 0.180913 0.052288 0.146752
2 0.755719 0.180760 0.239379 0.144608
