0 0.366728 0.384395 0.143995 0.272876
2 0.386642 0.270016 0.189951 0.522059
1 0.483609 0.363971 0.390012 0.707516
0 0.095282 0.488562 0.072917 0.082516
2 0.115196 0.431985 0.101716 0.206291
1 0.092984 0.468137 0.144914 0.264706
0 0.126991 0.820057 0.035233 0.079657
2 0.091912 0.830678 0.128676 0.100899
1 0.131281 0.842320 0.204350 0.118464
0 0.198683 0.293505 0.010110 0.051879
2 0.186887 0.290850 0.033701 0.069444
1 0.197457 0.300041 0.053615 0.079657
0 0.255821 0.190359 0.018382 0.048203
2 0.262714 0.172998 0.041360 0.099265
0 0.873928 0.977328 0.035233 0.042892
2 0.923713 0.957312 0.147059 0.082925
1 0.873009 0.954657 0.246630 0.081699
