0 0.588031 0.430147 0.100082 0.150123
2 0.499592 0.406863 0.287582 0.190564
1 0.570057 0.434896 0.428513 0.249081
0 0.805351 0.583793 0.084559 0.034620
2 0.821283 0.536305 0.110703 0.121630
1 0.804739 0.582261 0.154412 0.207414
0 0.562908 0.327359 0.021242 0.037684
2 0.580065 0.315870 0.044935 0.058211
1 0.558211 0.324295 0.093546 0.063419
0 0.253472 0.067096 0.039624 0.091912
2 0.268791 0.072151 0.074346 0.103860
1 0.237949 0.072763 0.136029 0.102635
0 0.884395 0.054688 0.049837 0.077512
2 0.876430 0.074755 0.064134 0.111520
1 0.904003 0.073529 0.116013 0.112745
