0 0.547794 0.425092 0.122549 0.144301
2 0.518178 0.372243 0.181781 0.285539
1 0.542484 0.436581 0.254085 0.416054
0 0.013480 0.631587 0.021242 0.075061
2 0.022672 0.649969 0.042075 0.111826
1 0.075980 0.650888 0.138072 0.176777
0 0.084967 0.541513 0.070261 0.043199
2 0.085376 0.522672 0.106209 0.085784
1 0.138685 0.537684 0.212827 0.123162
0 0.345180 0.321691 0.036765 0.083946
2 0.346405 0.302543 0.050654 0.133272
1 0.362745 0.319393 0.083333 0.169424
0 0.766136 0.193934 0.023284 0.026961
2 0.757761 0.157629 0.043301 0.111826
1 0.804534 0.160386 0.141748 0.118566
