0 0.487132 0.399969 0.117239 0.297488
2 0.336806 0.441330 0.417892 0.366728
1 0.424632 0.508578 0.590278 0.501225
0 0.839052 0.943781 0.029412 0.042586
2 0.781658 0.920956 0.147467 0.085784
1 0.826593 0.918811 0.234069 0.139093
0 0.814338 0.768076 0.021650 0.021446
2 0.739379 0.754442 0.174837 0.079963
1 0.776961 0.745558 0.258170 0.102635
0 0.358047 0.840686 0.025735 0.020221
2 0.369690 0.843444 0.050654 0.042892
1 0.313317 0.833640 0.168301 0.061275
0 0.792279 0.667433 0.019199 0.021140
2 0.765523 0.647672 0.084150 0.066789
1 0.783701 0.631893 0.131944 0.107537
0 0.984069 0.440257 0.024510 0.079657
2 0.940564 0.446538 0.106618 0.121630
0 0.771038 0.416054 0.020833 0.013480
2 0.769812 0.427696 0.043709 0.030637
1 0.758783 0.410999 0.074755 0.070772
0 0.601716 0.463082 0.040850 0.044424
2 0.594567 0.439645 0.046977 0.085784
0 0.580270 0.351562 0.035539 0.033395
2 0.553717 0.343290 0.084559 0.058517
1 0.577614 0.347120 0.122549 0.088235
0 0.684641 0.300858 0.019608 0.048407
2 0.695466 0.284161 0.048611 0.087316
1 0.658701 0.288603 0.121324 0.093750
