0 0.467320 0.520987 0.098856 0.106924
2 0.293301 0.529412 0.436275 0.151348
1 0.446283 0.441942 0.768382 0.434743
0 0.303922 0.695006 0.122549 0.021752
2 0.327002 0.740809 0.179330 0.125613
1 0.338848 0.699755 0.218546 0.183824
0 0.531454 0.387102 0.023693 0.028493
2 0.508578 0.371324 0.077614 0.077819
1 0.551879 0.370711 0.162582 0.077819
0 0.424837 0.331342 0.045752 0.024816
2 0.472222 0.310815 0.130719 0.056679
1 0.470792 0.262561 0.129493 0.174020
0 0.130106 0.210018 0.037990 0.059743
2 0.080065 0.215227 0.131536 0.067096
1 0.119485 0.201746 0.200572 0.116728
