0 0.788194 0.837623 0.073938 0.040441
2 0.754085 0.844056 0.152778 0.061275
1 0.790033 0.814032 0.227941 0.119485
0 0.531863 0.524357 0.077614 0.087929
2 0.475082 0.382047 0.193627 0.372549
1 0.680760 0.433517 0.602533 0.475490
0 0.795956 0.280944 0.056781 0.065564
2 0.750204 0.308977 0.132761 0.124694
1 0.703431 0.313725 0.244281 0.132966
0 0.615605 0.144914 0.049020 0.080882
2 0.607230 0.110141 0.065768 0.154718
0 0.898693 0.176011 0.032680 0.123468
2 0.938113 0.174786 0.115605 0.144914
1 0.864379 0.195772 0.258987 0.185049
