2 0.346726 0.482887 0.053241 0.141865
2 0.598214 0.439608 0.056878 0.099950
2 0.123016 0.784102 0.121032 0.153026
0 0.674934 0.376364 0.032407 0.069196
2 0.807705 0.549851 0.051918 0.069940
0 0.358631 0.490079 0.022156 0.081845
0 0.589616 0.441592 0.016534 0.083085
0 0.645007 0.485491 0.015542 0.052331
2 0.640046 0.471354 0.028770 0.102431
1 0.674769 0.487227 0.093585 0.134177
0 0.882275 0.337550 0.058201 0.089286
2 0.859458 0.354539 0.110450 0.121280
0 0.018188 0.299851 0.033069 0.048611
2 0.025298 0.326389 0.044643 0.101687
0 0.138393 0.308284 0.033399 0.092758
2 0.152612 0.318700 0.078373 0.118552
0 0.052083 0.373016 0.031415 0.055060
0 0.015542 0.445312 0.024471 0.064732
0 0.054233 0.450645 0.033069 0.080853
2 0.095238 0.476438 0.115079 0.130952
0 0.266369 0.406622 0.021495 0.097966
2 0.253142 0.413814 0.046627 0.111855
1 0.243056 0.437252 0.069444 0.160714
0 0.117890 0.622272 0.018188 0.049603
0 0.530589 0.474454 0.014881 0.052579
2 0.523810 0.471974 0.041667 0.082341
0 0.460317 0.520957 0.013228 0.046379
2 0.467427 0.529142 0.028108 0.069692
0 0.226025 0.122396 0.014881 0.045387
2 0.230820 0.123140 0.029762 0.052331
1 0.240741 0.129960 0.049603 0.067956
0 0.429894 0.158606 0.013889 0.029018
2 0.436839 0.164187 0.027116 0.038194
1 0.446925 0.174603 0.045966 0.062500
0 0.435351 0.240823 0.017526 0.043651
2 0.448082 0.255704 0.041667 0.074405
0 0.618717 0.095362 0.023148 0.046379
2 0.631944 0.102927 0.050926 0.061508
1 0.621032 0.116691 0.074074 0.089038
0 0.694610 0.118056 0.019511 0.048611
0 0.810681 0.113715 0.018849 0.047371
0 0.753142 0.136409 0.011574 0.035714
2 0.752646 0.142113 0.023810 0.049107
0 0.768519 0.234251 0.025132 0.055308
0 0.852183 0.266989 0.031746 0.040923
0 0.685847 0.264881 0.017857 0.049107
2 0.703208 0.280630 0.052579 0.080605
0 0.613095 0.306548 0.025132 0.056548
2 0.622189 0.305680 0.041997 0.094990
2 0.650628 0.376364 0.081019 0.069196
0 0.701720 0.363095 0.016534 0.030754
0 0.382440 0.237351 0.018188 0.024802
2 0.389550 0.243676 0.032407 0.037946
0 0.798776 0.532986 0.018188 0.038194
0 0.889550 0.541047 0.048942 0.057788
0 0.806548 0.608631 0.022487 0.056052
2 0.782242 0.618180 0.071098 0.075149
0 0.725033 0.598958 0.014220 0.043155
2 0.731481 0.597470 0.030423 0.066964
1 0.706019 0.606523 0.080026 0.084077
0 0.429233 0.681176 0.026455 0.034970
2 0.445437 0.644965 0.058862 0.108879
1 0.416336 0.659102 0.118386 0.135169
0 0.573082 0.685268 0.041005 0.058036
0 0.169312 0.776042 0.028439 0.110615
1 0.181548 0.803075 0.238757 0.189484
0 0.309193 0.836806 0.055556 0.100198
0 0.616237 0.817832 0.111442 0.120784
2 0.551918 0.842758 0.240079 0.168155
1 0.567295 0.875868 0.269511 0.234375
0 0.887235 0.742063 0.017857 0.031746
0 0.886739 0.930184 0.010251 0.046379
