0 0.650531 0.358456 0.085376 0.204657
2 0.695261 0.301777 0.159314 0.316789
1 0.592525 0.316023 0.364788 0.366728
0 0.288807 0.786305 0.071078 0.064032
2 0.219567 0.690564 0.214461 0.248162
1 0.304534 0.701287 0.381944 0.273897
0 0.341708 0.621630 0.043709 0.045956
2 0.299632 0.624387 0.127859 0.061887
0 0.397672 0.169271 0.083742 0.089767
2 0.414011 0.160999 0.115605 0.110600
1 0.468137 0.126685 0.219771 0.201900
0 0.947917 0.685355 0.087827 0.080882
2 0.913399 0.673254 0.159314 0.106924
1 0.915033 0.688879 0.164216 0.140012
