2 0.756118 0.274058 0.105489 0.176587
1 0.712632 0.299603 0.194444 0.231647
1 0.454530 0.430804 0.177579 0.187996
2 0.708829 0.792287 0.075728 0.143601
2 0.340443 0.840402 0.073082 0.089534
1 0.354001 0.548611 0.194114 0.125992
0 0.721561 0.291915 0.037037 0.116071
0 0.497189 0.408606 0.028108 0.120288
2 0.510913 0.418775 0.055556 0.142113
0 0.333333 0.522073 0.041005 0.102183
2 0.303241 0.528274 0.101190 0.110119
0 0.766204 0.474330 0.033069 0.075149
2 0.737434 0.505704 0.092593 0.136409
0 0.177249 0.180928 0.018519 0.050347
2 0.200066 0.196677 0.066138 0.081845
0 0.048446 0.159102 0.009590 0.051835
2 0.035880 0.149678 0.048611 0.073661
0 0.045966 0.226562 0.028439 0.040923
2 0.037698 0.231275 0.052249 0.053323
0 0.104828 0.302827 0.013889 0.028274
2 0.086806 0.268105 0.051257 0.096230
1 0.114418 0.287450 0.103175 0.136409
0 0.869213 0.121900 0.015542 0.048859
0 0.770007 0.636285 0.056548 0.073661
2 0.746362 0.643477 0.113757 0.091022
2 0.761409 0.651910 0.081680 0.110863
0 0.942791 0.627480 0.047619 0.111607
0 0.712632 0.835689 0.064153 0.045387
1 0.738095 0.818948 0.130291 0.193948
0 0.906746 0.835689 0.037698 0.090526
0 0.363922 0.826265 0.028108 0.058284
0 0.492890 0.951265 0.013558 0.053323
2 0.467593 0.934896 0.062169 0.090526
1 0.500661 0.917411 0.130291 0.150298
0 0.225860 0.865203 0.057540 0.044395
2 0.172454 0.843378 0.166336 0.091022
